2013-03-17 10:39:30 0.0183327209939 0.0477146495682 0.587000594545
2013-03-17 10:39:30 0.018332582977 0.0477136706189 0.586969011235
2013-03-17 10:39:30 0.0183323759541 0.0477122024256 0.586921636246
2013-03-17 10:39:30 0.0183322379378 0.0477112237027 0.586890052918
2013-03-17 10:39:30 0.018332030913 0.0477097553898 0.586842677928
2013-03-17 10:39:30 0.0183318928959 0.0477087765626 0.5868110946
2013-03-17 10:39:30 0.018331685873 0.0477073083643 0.586763719617
2013-03-17 10:39:30 0.0183315478582 0.0477063296362 0.586732136288
2013-03-17 10:39:30 0.0183313408349 0.047704861325 0.586684761301
2013-03-17 10:39:30 0.018331202816 0.0477038825966 0.586653177973
2013-03-17 10:39:30 0.0183309957976 0.0477024143913 0.586605802988
2013-03-17 10:39:30 0.0183308577835 0.0477014355522 0.586574219661
2013-03-17 10:39:30 0.0183306507605 0.0476999673631 0.586526844672
2013-03-17 10:39:30 0.018330512746 0.047698988411 0.586495261349
2013-03-17 10:39:30 0.018330305729 0.0476975202139 0.58644788636
2013-03-17 10:39:30 0.0183301677163 0.0476965413787 0.586416303039
2013-03-17 10:39:30 0.0183299606944 0.0476950731846 0.586368928049
2013-03-17 10:39:30 0.018329822681 0.0476940945686 0.586337344714
2013-03-17 10:39:30 0.018329615661 0.047692626265 0.586289969731
2013-03-17 10:39:30 0.0183294776493 0.0476916475432 0.586258386402
2013-03-17 10:39:30 0.0183292706303 0.047690179234 0.586211011415
2013-03-17 10:39:30 0.0183291326146 0.047689200621 0.586179428086
2013-03-17 10:39:30 0.0183289255931 0.0476877323171 0.586132053096
2013-03-17 10:39:30 0.0183287875831 0.047686753589 0.586100469767
2013-03-17 10:39:30 0.0183286495702 0.0476857745271 0.586068886445
2013-03-17 10:39:30 0.0183284425528 0.047684306451 0.586021511455
2013-03-17 10:39:30 0.018328304537 0.0476833275021 0.58598992814
2013-03-17 10:39:30 0.0183280975248 0.0476818594042 0.585942553151
2013-03-17 10:39:30 0.0183279595106 0.0476808804644 0.585910969823
2013-03-17 10:39:30 0.0183277524948 0.0476794122662 0.58586359484
2013-03-17 10:39:30 0.0183276144832 0.0476784335441 0.585832011511
2013-03-17 10:39:30 0.0183274074717 0.047676965344 0.585784636522
2013-03-17 10:39:30 0.0183272694586 0.0476759866196 0.585753053193
2013-03-17 10:39:30 0.0183270624438 0.0476745180801 0.58570567821
2013-03-17 10:39:30 0.0183269244323 0.0476735394763 0.58567409488
2013-03-17 10:39:30 0.0183267174192 0.0476720712758 0.585626719891
2013-03-17 10:39:30 0.0183265794063 0.0476710925527 0.585595136558
2013-03-17 10:39:30 0.0183263723928 0.047669624133 0.58554776158
2013-03-17 10:39:30 0.0183262343831 0.0476686455182 0.585516178246
2013-03-17 10:39:30 0.0183260273663 0.0476671773218 0.585468803262
2013-03-17 10:39:30 0.0183258893546 0.0476661984792 0.585437219935
2013-03-17 10:39:30 0.0183256823427 0.0476647304029 0.585389844939
2013-03-17 10:39:30 0.0183255443332 0.0476637514537 0.585358261623
2013-03-17 10:39:30 0.0183253373223 0.0476622834762 0.585310886621
2013-03-17 10:39:30 0.0183251993128 0.0476613043092 0.585279303306
2013-03-17 10:39:30 0.0183249923027 0.0476598362257 0.585231928316
2013-03-17 10:39:30 0.0183248542918 0.0476588573817 0.585200344987
2013-03-17 10:39:30 0.0183246472805 0.047657389302 0.585152969998
2013-03-17 10:39:30 0.0183245092755 0.0476564104674 0.585121386676
2013-03-17 10:39:30 0.0183243022641 0.0476549422594 0.585074011685
2013-03-17 10:39:30 0.018324164257 0.0476539635433 0.585042428356
2013-03-17 10:39:30 0.0183239572434 0.0476524952347 0.584995053374
2013-03-17 10:39:30 0.0183238192381 0.0476515163904 0.584963470052
2013-03-17 10:39:30 0.0183236122273 0.0476500479692 0.584916095062
2013-03-17 10:39:30 0.0183234742209 0.0476490694716 0.584884511735
2013-03-17 10:39:30 0.0183232672128 0.0476476009335 0.584837136749
2013-03-17 10:39:30 0.0183231292069 0.0476466222121 0.584805553428
2013-03-17 10:39:30 0.0183229221944 0.0476451540164 0.584758178433
2013-03-17 10:39:30 0.0183227841877 0.047644175285 0.58472659511
2013-03-17 10:39:30 0.0183226461804 0.0476431964402 0.584695011783
2013-03-17 10:39:30 0.0183224391728 0.0476417282387 0.584647636792
2013-03-17 10:39:30 0.0183223011657 0.0476407494053 0.584616053464
2013-03-17 10:39:30 0.0183220941583 0.0476392815362 0.584568678469
2013-03-17 10:39:30 0.0183219561549 0.0476383023675 0.584537095154
2013-03-17 10:39:30 0.0183217491452 0.0476368342864 0.584489720156
2013-03-17 10:39:30 0.0183216111469 0.0476358554423 0.584458136835
2013-03-17 10:39:30 0.0183214041399 0.0476343873585 0.584410761839
2013-03-17 10:39:30 0.0183212661331 0.0476334084153 0.584379178522
2013-03-17 10:39:30 0.0183210591275 0.0476319403234 0.584331803527
2013-03-17 10:39:30 0.0183209211215 0.0476309613708 0.584300220206
2013-03-17 10:39:30 0.0183207141192 0.0476294931854 0.58425284522
2013-03-17 10:39:30 0.0183205761149 0.0476285143455 0.584221261893
2013-03-17 10:39:30 0.0183203691084 0.047627046245 0.584173886904
2013-03-17 10:39:30 0.0183202311066 0.0476260673074 0.584142303574
2013-03-17 10:39:30 0.018320024102 0.0476245991071 0.58409492859
2013-03-17 10:39:30 0.0183198860939 0.0476236202713 0.584063345263
2013-03-17 10:39:30 0.0183196790857 0.0476221521818 0.584015970273
2013-03-17 10:39:30 0.0183195410864 0.0476211732324 0.583984386944
2013-03-17 10:39:30 0.0183193340837 0.0476197050276 0.583937011967
2013-03-17 10:39:30 0.0183191960791 0.0476187261999 0.583905428633
2013-03-17 10:39:30 0.0183189890773 0.0476172581069 0.583858053642
2013-03-17 10:39:30 0.0183188510748 0.0476162792746 0.583826470314
2013-03-17 10:39:30 0.0183186440775 0.0476148112939 0.583779095323
2013-03-17 10:39:30 0.0183185060746 0.0476138320166 0.583747512007
2013-03-17 10:39:30 0.0183182990733 0.0476123641459 0.583700137006
2013-03-17 10:39:30 0.0183181610738 0.047611385195 0.583668553685
2013-03-17 10:39:30 0.0183179540713 0.0476099170062 0.583621178699
2013-03-17 10:39:30 0.018317816072 0.0476089382746 0.583589595371
2013-03-17 10:39:30 0.0183176090692 0.0476074699705 0.583542220382
2013-03-17 10:39:30 0.0183174710677 0.0476064911348 0.583510637058
2013-03-17 10:39:30 0.018317264068 0.0476050230419 0.583463262069
2013-03-17 10:39:30 0.0183171260673 0.0476040441993 0.583431678742
2013-03-17 10:39:30 0.0183169190677 0.0476025760143 0.583384303751
2013-03-17 10:39:30 0.0183167810663 0.0476015969477 0.583352720428
2013-03-17 10:39:30 0.0183166430625 0.0476006182176 0.583321137106
2013-03-17 10:39:30 0.0183164360677 0.0475991501331 0.58327376211
2013-03-17 10:39:30 0.0183162980674 0.0475981711857 0.583242178788
2013-03-17 10:39:30 0.0183160910678 0.047596702866 0.583194803805
2013-03-17 10:39:30 0.0183159530756 0.0475957243723 0.583163220469
2013-03-17 10:39:30 0.0183157460752 0.0475942559478 0.583115845485
2013-03-17 10:39:30 0.0183156080761 0.0475932774436 0.58308426215
2013-03-17 10:39:30 0.0183154010827 0.04759180902 0.583036887166
2013-03-17 10:39:30 0.0183152630809 0.0475908304064 0.583005303839
2013-03-17 10:39:30 0.018315056084 0.0475893620864 0.582957928843
2013-03-17 10:39:30 0.0183149180858 0.0475883831409 0.582926345526
2013-03-17 10:39:30 0.0183147110896 0.0475869149438 0.582878970536
2013-03-17 10:39:30 0.0183145730919 0.0475859362123 0.582847387208
2013-03-17 10:39:30 0.0183143660973 0.047584468014 0.582800012219
2013-03-17 10:39:30 0.0183142281001 0.0475834891745 0.582768428896
2013-03-17 10:39:30 0.018314021107 0.0475820209657 0.582721053906
2013-03-17 10:39:30 0.0183138831086 0.0475810421216 0.582689470585
2013-03-17 10:39:30 0.0183136761119 0.0475795740388 0.582642095589
2013-03-17 10:39:30 0.0183135381125 0.0475785948704 0.582610512272
2013-03-17 10:39:30 0.0183133311181 0.0475771267804 0.582563137282
2013-03-17 10:39:30 0.0183131931254 0.0475761480537 0.582531553954
2013-03-17 10:39:30 0.018312986132 0.0475746798583 0.582484178964
2013-03-17 10:39:30 0.0183128481388 0.0475737009044 0.582452595641
2013-03-17 10:39:30 0.0183126411444 0.0475722328139 0.582405220651
2013-03-17 10:39:30 0.0183125031486 0.0475712540946 0.582373637322
2013-03-17 10:39:30 0.0183122961577 0.0475697857716 0.582326262339
2013-03-17 10:39:30 0.0183121581612 0.0475688071607 0.582294679005
2013-03-17 10:39:30 0.0183119511706 0.0475673388526 0.582247304013
2013-03-17 10:39:30 0.0183118131758 0.0475663601192 0.582215720685
2013-03-17 10:39:30 0.0183116061847 0.0475648916895 0.582168345702
2013-03-17 10:39:30 0.0183114681904 0.04756391308 0.582136762366
2013-03-17 10:39:30 0.0183112611998 0.0475624448795 0.582089387376
2013-03-17 10:39:30 0.018311123205 0.0475614660439 0.582057804053
2013-03-17 10:39:30 0.0183109162154 0.047559997952 0.582010429065
2013-03-17 10:39:30 0.0183107782216 0.0475590190002 0.581978845741
2013-03-17 10:39:30 0.0183106402256 0.0475580401679 0.581947262412
2013-03-17 10:39:30 0.0183104332379 0.0475565719642 0.581899887428
2013-03-17 10:39:30 0.0183102952421 0.0475555931255 0.581868304105
2013-03-17 10:39:30 0.0183100882548 0.0475541247066 0.581820929117
2013-03-17 10:39:30 0.0183099502647 0.047553146083 0.581789345788
2013-03-17 10:39:30 0.018309743276 0.0475516777827 0.581741970797
2013-03-17 10:39:30 0.0183096052822 0.0475506990474 0.581710387474
2013-03-17 10:39:30 0.018309398296 0.0475492307367 0.581663012484
2013-03-17 10:39:30 0.0183092603043 0.0475482518999 0.581631429162
2013-03-17 10:39:30 0.0183090533184 0.0475467838096 0.581584054172
2013-03-17 10:39:30 0.0183089153251 0.0475458049691 0.581552470843
2013-03-17 10:39:30 0.0183087083382 0.0475443366635 0.581505095861
2013-03-17 10:39:30 0.018308570347 0.0475433580477 0.581473512525
2013-03-17 10:39:30 0.0183083633597 0.0475418896139 0.581426137546
2013-03-17 10:39:30 0.0183082253686 0.0475409108973 0.58139455421
2013-03-17 10:39:30 0.0183080183818 0.0475394428025 0.581347179215
2013-03-17 10:39:30 0.0183078803929 0.0475384638546 0.581315595893
2013-03-17 10:39:30 0.0183076734084 0.0475369957647 0.581268220904
2013-03-17 10:39:30 0.0183075354141 0.0475360170367 0.581236637574
2013-03-17 10:39:30 0.0183073284327 0.047534548719 0.581189262583
2013-03-17 10:39:30 0.0183071904464 0.0475335699905 0.581157679255
2013-03-17 10:39:30 0.0183069834605 0.0475321017919 0.581110304271
2013-03-17 10:39:30 0.0183068454716 0.0475311230619 0.581078720942
2013-03-17 10:39:30 0.0183066384877 0.0475296546357 0.581031345954
2013-03-17 10:39:30 0.0183065005014 0.0475286757984 0.58099976263
2013-03-17 10:39:30 0.0183062935153 0.0475272074908 0.580952387646
2013-03-17 10:39:30 0.0183061555288 0.0475262287574 0.580920804323
2013-03-17 10:39:30 0.0183059485452 0.0475247603379 0.580873429334
2013-03-17 10:39:30 0.0183058105562 0.0475237816156 0.58084184601
2013-03-17 10:39:30 0.0183056035763 0.0475223134095 0.580794471021
2013-03-17 10:39:30 0.0183054655852 0.0475213346687 0.580762887692
2013-03-17 10:39:30 0.0183052586058 0.0475198664739 0.580715512702
2013-03-17 10:39:30 0.0183051206182 0.0475188876266 0.580683929378
2013-03-17 10:39:30 0.018304982631 0.0475179087827 0.580652346043
2013-03-17 10:39:30 0.0183047756501 0.0475164407027 0.580604971054
2013-03-17 10:39:30 0.0183046376613 0.0475154618602 0.580573387731
2013-03-17 10:39:30 0.0183044306851 0.0475139936565 0.580526012735
2013-03-17 10:39:30 0.0183042926948 0.0475130148217 0.580494429419
2013-03-17 10:39:30 0.0183040857176 0.0475115467263 0.580447054415
2013-03-17 10:39:30 0.0183039477313 0.0475105678892 0.580415471099
2013-03-17 10:39:30 0.0183037407491 0.0475090995716 0.580368096107
2013-03-17 10:39:30 0.0183036027647 0.0475081208518 0.580336512779
2013-03-17 10:39:30 0.0183033957848 0.0475066526361 0.580289137791
2013-03-17 10:39:30 0.0183032578 0.0475056738056 0.58025755446
2013-03-17 10:39:30 0.018303050821 0.0475042054861 0.580210179477
2013-03-17 10:39:30 0.018302912838 0.0475032267616 0.580178596147
2013-03-17 10:39:30 0.018302705859 0.0475017585586 0.580131221158
2013-03-17 10:39:30 0.0183025678759 0.0475007797224 0.580099637834
2013-03-17 10:39:30 0.0183023608967 0.0474993115172 0.580052262845
2013-03-17 10:39:30 0.0183022229111 0.0474983326711 0.580020679514
2013-03-17 10:39:30 0.0183020159383 0.0474968645915 0.579973304526
2013-03-17 10:39:30 0.0183018779536 0.0474958856383 0.579941721208
2013-03-17 10:39:30 0.0183016709776 0.0474944172142 0.57989434622
2013-03-17 10:39:30 0.0183015329967 0.0474934384826 0.579862762888
2013-03-17 10:39:30 0.0183013260194 0.0474919703962 0.5798153879
2013-03-17 10:39:30 0.0183011880369 0.0474909915519 0.579783804577
2013-03-17 10:39:30 0.0183009810602 0.0474895232447 0.579736429586
2013-03-17 10:39:30 0.0183008430785 0.0474885445167 0.579704846256
2013-03-17 10:39:30 0.0183006361027 0.0474870763042 0.579657471266
2013-03-17 10:39:30 0.0183004981219 0.047486097693 0.579625887938
2013-03-17 10:39:30 0.0183002911496 0.047484629268 0.579578512948
2013-03-17 10:39:30 0.0183001531662 0.0474836506504 0.579546929618
2013-03-17 10:39:30 0.0182999461916 0.0474821822232 0.579499554634
2013-03-17 10:39:30 0.0182998082109 0.0474812034973 0.579467971305
2013-03-17 10:39:30 0.0182996012394 0.0474797352831 0.579420596314
2013-03-17 10:39:30 0.0182994632554 0.0474787564492 0.579389012987
2013-03-17 10:39:30 0.0182992562853 0.0474772882488 0.579341638002
2013-03-17 10:39:30 0.0182991183024 0.0474763094034 0.57931005468
2013-03-17 10:39:30 0.0182989803202 0.0474753305665 0.579278471349
2013-03-17 10:39:30 0.0182987733519 0.0474738623607 0.579231096358
2013-03-17 10:39:30 0.0182986353725 0.0474728836415 0.579199513036
2013-03-17 10:39:30 0.0182984283999 0.0474714153178 0.579152138047
2013-03-17 10:39:30 0.0182982904185 0.047470436702 0.57912055471
2013-03-17 10:39:30 0.0182980834486 0.0474689682831 0.579073179726
2013-03-17 10:39:30 0.0182979454702 0.0474679895473 0.579041596398
2013-03-17 10:39:30 0.0182977385003 0.0474665212368 0.578994221414
2013-03-17 10:39:30 0.0182976005188 0.0474655426261 0.578962638078
2013-03-17 10:39:30 0.0182973935517 0.0474640744155 0.578915263088
2013-03-17 10:39:30 0.0182972555721 0.0474630954593 0.578883679772
2013-03-17 10:39:30 0.0182970486058 0.0474616273779 0.578836304773
2013-03-17 10:39:30 0.0182969106262 0.0474606485199 0.578804721453
2013-03-17 10:39:30 0.0182967036562 0.0474591802021 0.578757346468
2013-03-17 10:39:30 0.0182965656804 0.0474582013673 0.578725763138
2013-03-17 10:39:30 0.0182963587094 0.0474567331595 0.578678388148
2013-03-17 10:39:30 0.0182962207314 0.0474557543191 0.578646804819
2013-03-17 10:39:30 0.018296013766 0.0474542860065 0.578599429834
2013-03-17 10:39:30 0.0182958757873 0.0474533073924 0.578567846506
2013-03-17 10:39:30 0.0182956688275 0.0474518391748 0.578520471516
2013-03-17 10:39:30 0.0182955308509 0.0474508603425 0.578488888185
2013-03-17 10:39:30 0.0182953238797 0.047449392039 0.578441513203
2013-03-17 10:39:30 0.0182951859033 0.0474484134228 0.578409929874
2013-03-17 10:39:30 0.018294978936 0.047446945107 0.578362554883
2013-03-17 10:39:30 0.0182948409614 0.0474459663767 0.578330971553
2013-03-17 10:39:30 0.0182946339967 0.0474444978403 0.578283596569
2013-03-17 10:39:30 0.0182944960191 0.0474435192151 0.578252013246
2013-03-17 10:39:30 0.0182942890573 0.0474420510219 0.57820463825
2013-03-17 10:39:30 0.0182941510821 0.0474410721745 0.578173054927
2013-03-17 10:39:30 0.0182939441177 0.0474396039704 0.578125679936
2013-03-17 10:39:30 0.0182938061415 0.0474386252445 0.578094096606
2013-03-17 10:39:30 0.018293599177 0.0474371570473 0.578046721617
2013-03-17 10:39:30 0.0182934612011 0.0474361783087 0.578015138288
2013-03-17 10:39:30 0.01829325424 0.0474347099958 0.577967763295
2013-03-17 10:39:30 0.0182931162648 0.0474337312716 0.577936179967
2013-03-17 10:39:30 0.0182929782936 0.0474327524276 0.577904596644
2013-03-17 10:39:30 0.0182927713341 0.0474312840039 0.577857221661
2013-03-17 10:39:30 0.01829263336 0.0474303052759 0.577825638331
2013-03-17 10:39:30 0.0182924263964 0.047428837179 0.577778263339
2013-03-17 10:39:30 0.0182922884184 0.0474278582251 0.577746680017
2013-03-17 10:39:30 0.0182920814579 0.0474263900243 0.577699305026
2013-03-17 10:39:30 0.0182919434838 0.0474254110731 0.577667721702
2013-03-17 10:39:30 0.0182917365247 0.0474239430821 0.577620346714
2013-03-17 10:39:30 0.0182915985495 0.0474229642452 0.577588763384
2013-03-17 10:39:30 0.018291391592 0.0474214958168 0.577541388399
2013-03-17 10:39:30 0.0182912536175 0.0474205169743 0.577509805072
2013-03-17 10:39:30 0.0182910466581 0.0474190489919 0.577462430079
2013-03-17 10:39:30 0.0182909086852 0.0474180700422 0.577430846749
2013-03-17 10:39:30 0.0182907017278 0.0474166018338 0.577383471766
2013-03-17 10:39:30 0.0182905637557 0.0474156229927 0.57735188843
2013-03-17 10:39:30 0.0182903567976 0.0474141550139 0.577304513439
2013-03-17 10:39:30 0.0182902188253 0.047413176058 0.577272930116
2013-03-17 10:39:30 0.0182900118724 0.0474117079692 0.577225555121
2013-03-17 10:39:30 0.0182898739013 0.0474107290188 0.577193971797
2013-03-17 10:39:30 0.0182896669427 0.0474092610324 0.5771465968
2013-03-17 10:39:30 0.0182895289743 0.0474082819661 0.577115013483
2013-03-17 10:39:30 0.0182893220155 0.0474068137704 0.577067638493
2013-03-17 10:39:30 0.0182891840424 0.0474058350349 0.577036055164
2013-03-17 10:39:30 0.0182889770853 0.0474043667195 0.576988680179
2013-03-17 10:39:30 0.0182888391152 0.0474033879895 0.576957096849
2013-03-17 10:39:30 0.0182886321606 0.0474019196717 0.576909721864
2013-03-17 10:39:30 0.0182884941924 0.047400940831 0.576878138535
2013-03-17 10:39:30 0.0182882872354 0.0473994727209 0.576830763551
2013-03-17 10:39:30 0.0182881492673 0.0473984937799 0.576799180222
2013-03-17 10:39:30 0.0182879423115 0.0473970255558 0.576751805232
2013-03-17 10:39:30 0.0182878043449 0.0473960467236 0.576720221902
2013-03-17 10:39:30 0.0182875973894 0.0473945785167 0.576672846917
2013-03-17 10:39:30 0.0182874594221 0.0473935995639 0.576641263595
2013-03-17 10:39:30 0.0182872524704 0.0473921316896 0.576593888592
2013-03-17 10:39:30 0.0182871145023 0.0473911525217 0.576562305274
2013-03-17 10:39:30 0.0182869765364 0.0473901739033 0.576530721944
2013-03-17 10:39:30 0.0182867695819 0.0473887057969 0.576483346948
2013-03-17 10:39:30 0.0182866316119 0.0473877269627 0.576451763624
2013-03-17 10:39:30 0.0182864246612 0.0473862587552 0.576404388627
2013-03-17 10:39:30 0.0182862866937 0.0473852796893 0.576372805311
2013-03-17 10:39:30 0.0182860797398 0.0473838117063 0.576325430314
2013-03-17 10:39:30 0.0182859417727 0.0473828329818 0.576293846984
2013-03-17 10:39:30 0.0182857348217 0.0473813646599 0.576246471999
2013-03-17 10:39:30 0.018285596853 0.047380385822 0.576214888671
2013-03-17 10:39:30 0.0182853899055 0.0473789178426 0.57616751368
2013-03-17 10:39:30 0.0182852519395 0.0473779388808 0.57613593035
2013-03-17 10:39:30 0.0182850449917 0.0473764706823 0.576088555365
2013-03-17 10:39:30 0.018284907023 0.0473754916187 0.576056972043
2013-03-17 10:39:30 0.0182847000735 0.0473740235224 0.576009597052
2013-03-17 10:39:30 0.0182845621076 0.0473730446768 0.575978013723
2013-03-17 10:39:30 0.0182843551621 0.0473715763659 0.575930638736
2013-03-17 10:39:30 0.0182842171964 0.0473705974131 0.575899055414
2013-03-17 10:39:30 0.0182840102509 0.0473691294205 0.575851680423
2013-03-17 10:39:30 0.0182838722832 0.0473681505783 0.575820097095
2013-03-17 10:39:30 0.0182836653377 0.0473666823692 0.575772722104
2013-03-17 10:39:30 0.0182835273711 0.0473657035301 0.575741138774
2013-03-17 10:39:30 0.0182833204256 0.0473642354321 0.575693763783
2013-03-17 10:39:30 0.0182831824605 0.0473632567092 0.575662180453
2013-03-17 10:39:30 0.0182829755125 0.0473617882735 0.575614805468
2013-03-17 10:39:30 0.0182828375491 0.0473608095423 0.575583222134
2013-03-17 10:39:30 0.0182826306019 0.0473593414506 0.575535847142
2013-03-17 10:39:30 0.0182824926382 0.0473583623822 0.575504263825
2013-03-17 10:39:30 0.018282285692 0.047356894401 0.575456888828
2013-03-17 10:39:30 0.0182821477311 0.0473559154519 0.575425305506
2013-03-17 10:39:30 0.0182819407841 0.0473544473556 0.575377930515
2013-03-17 10:39:30 0.0182818028233 0.0473534683974 0.575346347191
2013-03-17 10:39:30 0.0182815958777 0.0473520003128 0.575298972199
2013-03-17 10:39:30 0.0182814579211 0.0473510213527 0.57526738887
2013-03-17 10:39:30 0.0182813199604 0.0473500427284 0.575235805542
2013-03-17 10:39:30 0.0182811130151 0.0473485741952 0.575188430557
2013-03-17 10:39:30 0.0182809750545 0.0473475955754 0.575156847227
2013-03-17 10:39:30 0.0182807681105 0.0473461272558 0.575109472236
2013-03-17 10:39:30 0.0182806301507 0.0473451485258 0.575077888911
2013-03-17 10:39:30 0.0182804232074 0.0473436802118 0.575030513922
2013-03-17 10:39:30 0.0182802852456 0.0473427015856 0.57499893059
2013-03-17 10:39:30 0.0182800783024 0.0473412331559 0.574951555607
2013-03-17 10:39:30 0.0182799403397 0.0473402546549 0.574919972271
2013-03-17 10:39:30 0.0182797333986 0.047338786203 0.574872597293
2013-03-17 10:39:30 0.0182795954368 0.047337807247 0.574841013964
2013-03-17 10:39:30 0.0182793884983 0.0473363391535 0.574793638965
2013-03-17 10:39:30 0.0182792505344 0.0473353603132 0.574762055643
2013-03-17 10:39:30 0.0182790435987 0.0473338920956 0.574714680651
2013-03-17 10:39:30 0.0182789056365 0.0473329133745 0.574683097322
2013-03-17 10:39:30 0.0182786986978 0.0473314450526 0.574635722333
2013-03-17 10:39:30 0.018278560742 0.0473304663162 0.574604139009
2013-03-17 10:39:30 0.0182783538012 0.0473289981144 0.574556764018
2013-03-17 10:39:30 0.0182782158432 0.0473280193841 0.574525180688
2013-03-17 10:39:30 0.0182780089047 0.0473265510628 0.574477805698
2013-03-17 10:39:30 0.0182778709459 0.0473255721104 0.574446222379
2013-03-17 10:39:30 0.0182776640081 0.0473241039086 0.574398847381
2013-03-17 10:39:30 0.0182775260499 0.0473231251717 0.574367264059
2013-03-17 10:39:30 0.0182773191109 0.0473216567468 0.574319889074
2013-03-17 10:39:30 0.0182771811533 0.0473206781272 0.574288305743
2013-03-17 10:39:30 0.0182769742163 0.047319209808 0.574240930753
2013-03-17 10:39:30 0.0182768362525 0.0473182310679 0.574209347424
2013-03-17 10:39:30 0.0182766293181 0.0473167628693 0.574161972433
2013-03-17 10:39:30 0.0182764913581 0.0473157841362 0.574130389109
2013-03-17 10:39:30 0.0182762844253 0.0473143159199 0.574083014112
2013-03-17 10:39:30 0.0182761464681 0.0473133370766 0.574051430782
2013-03-17 10:39:30 0.0182759395316 0.0473118687567 0.574004055797
2013-03-17 10:39:30 0.0182758015741 0.0473108901386 0.573972472463
2013-03-17 10:39:30 0.0182755946412 0.0473094219283 0.573925097471
2013-03-17 10:39:30 0.0182754566885 0.047308443091 0.573893514141
2013-03-17 10:39:30 0.018275318732 0.0473074642462 0.573861930823
2013-03-17 10:39:30 0.0182751117958 0.0473059959227 0.573814555838
2013-03-17 10:39:30 0.0182749738396 0.0473050172 0.573782972509
2013-03-17 10:39:30 0.0182747669087 0.0473035488734 0.573735597518
2013-03-17 10:39:30 0.0182746289512 0.0473025700246 0.573704014194
2013-03-17 10:39:30 0.0182744220193 0.0473011018272 0.573656639202
2013-03-17 10:39:30 0.0182742840648 0.0473001230952 0.573625055874
2013-03-17 10:39:30 0.0182740771308 0.0472986546558 0.573577680889
2013-03-17 10:39:30 0.0182739391773 0.0472976759255 0.573546097559
2013-03-17 10:39:30 0.0182737322431 0.047296207834 0.573498722567
2013-03-17 10:39:30 0.0182735942889 0.0472952289851 0.573467139239
2013-03-17 10:39:30 0.018273387361 0.0472937606664 0.573419764254
2013-03-17 10:39:30 0.0182732494036 0.0472927819341 0.573388180924
2013-03-17 10:39:30 0.0182730424729 0.0472913137301 0.573340805933
2013-03-17 10:39:30 0.0182729045205 0.047290334993 0.573309222603
2013-03-17 10:39:30 0.0182726975923 0.0472888665657 0.573261847617
2013-03-17 10:39:30 0.0182725596401 0.047287887727 0.573230264288
2013-03-17 10:39:30 0.01827235271 0.0472864196247 0.573182889298
2013-03-17 10:39:30 0.018272214756 0.0472854410053 0.573151305961
2013-03-17 10:39:30 0.018272007828 0.0472839725804 0.573103930975
2013-03-17 10:39:30 0.018271869876 0.0472829939544 0.573072347645
2013-03-17 10:39:30 0.0182716629482 0.0472815256278 0.573024972654
2013-03-17 10:39:30 0.0182715249947 0.0472805470151 0.572993389324
2013-03-17 10:39:30 0.0182713180696 0.047279078577 0.572946014338
2013-03-17 10:39:30 0.0182711801166 0.0472780998347 0.572914431011
2013-03-17 10:39:30 0.0182709731883 0.047276631629 0.572867056019
2013-03-17 10:39:30 0.0182708352365 0.0472756526697 0.572835472697
2013-03-17 10:39:30 0.0182706283054 0.047274184342 0.57278809771
2013-03-17 10:39:30 0.018270490357 0.0472732055049 0.572756514387
2013-03-17 10:39:30 0.0182702834281 0.0472717374051 0.572709139394
2013-03-17 10:39:30 0.0182701454782 0.0472707584453 0.572677556074
2013-03-17 10:39:30 0.0182699385567 0.0472692902466 0.57263018108
2013-03-17 10:39:30 0.0182698006056 0.047268311401 0.572598597752
2013-03-17 10:39:30 0.018269593681 0.0472668434097 0.572551222753
2013-03-17 10:39:30 0.0182694557309 0.0472658643483 0.572519639435
2013-03-17 10:39:30 0.0182693177836 0.0472648856129 0.572488056102
2013-03-17 10:39:30 0.0182691108581 0.0472634174025 0.572440681109
2013-03-17 10:39:30 0.0182689729076 0.04726243856 0.572409097778
2013-03-17 10:39:30 0.0182687659873 0.0472609705791 0.572361722788
2013-03-17 10:39:30 0.0182686280352 0.047259991729 0.572330139464
2013-03-17 10:39:30 0.0182684211129 0.0472585235262 0.572282764467
2013-03-17 10:39:30 0.0182682831608 0.0472575445721 0.572251181142
2013-03-17 10:39:30 0.0182680762384 0.0472560764686 0.572203806159
2013-03-17 10:39:30 0.0182679382941 0.0472550975091 0.572172222828
2013-03-17 10:39:30 0.018267731368 0.0472536293099 0.572124847835
2013-03-17 10:39:30 0.0182675934187 0.0472526503506 0.572093264513
2013-03-17 10:39:30 0.0182673864992 0.0472511822422 0.572045889522
2013-03-17 10:39:30 0.0182672485482 0.0472502035189 0.572014306193
2013-03-17 10:39:30 0.0182670416344 0.0472487353046 0.571966931201
2013-03-17 10:39:30 0.0182669036856 0.0472477563453 0.571935347877
2013-03-17 10:39:30 0.0182666967634 0.0472462882478 0.571887972885
2013-03-17 10:39:30 0.0182665588194 0.0472453095188 0.571856389555
2013-03-17 10:39:30 0.0182663518987 0.0472438410773 0.571809014571
2013-03-17 10:39:30 0.0182662139513 0.0472428623558 0.571777431247
2013-03-17 10:39:30 0.0182660070343 0.0472413940326 0.571730056249
2013-03-17 10:39:30 0.0182658690868 0.0472404151828 0.571698472931
2013-03-17 10:39:30 0.018265662167 0.0472389469782 0.571651097933
2013-03-17 10:39:30 0.0182655242239 0.0472379681363 0.571619514611
2013-03-17 10:39:30 0.0182653172991 0.0472365000309 0.571572139618
2013-03-17 10:39:30 0.0182651793569 0.0472355212925 0.571540556283
2013-03-17 10:39:30 0.0182649724394 0.0472340529868 0.571493181297
2013-03-17 10:39:30 0.0182648344926 0.0472330742428 0.571461597967
2013-03-17 10:39:30 0.018264627573 0.0472316061449 0.571414222977
2013-03-17 10:39:30 0.0182644896245 0.0472306273006 0.571382639647
2013-03-17 10:39:30 0.0182642827132 0.0472291588723 0.571335264661
2013-03-17 10:39:30 0.0182641447688 0.0472281800233 0.571303681331
2013-03-17 10:39:30 0.0182639378518 0.0472267119224 0.571256306339
2013-03-17 10:39:30 0.0182637999086 0.0472257330863 0.571224723009
2013-03-17 10:39:30 0.0182635929915 0.0472242647569 0.571177348024
2013-03-17 10:39:30 0.0182634550482 0.0472232860302 0.571145764695
2013-03-17 10:39:30 0.0182633171053 0.0472223071897 0.57111418137
2013-03-17 10:39:30 0.0182631101924 0.0472208390818 0.571066806378
2013-03-17 10:39:30 0.0182629722478 0.0472198601249 0.571035223055
2013-03-17 10:39:30 0.0182627653324 0.0472183919181 0.570987848062
2013-03-17 10:39:30 0.0182626273924 0.0472174130587 0.570956264734
2013-03-17 10:39:30 0.0182624204764 0.0472159448381 0.570908889748
2013-03-17 10:39:30 0.0182622825341 0.0472149659991 0.570877306412
2013-03-17 10:39:30 0.0182620756192 0.0472134979007 0.57082993142
2013-03-17 10:39:30 0.0182619376793 0.0472125189459 0.570798348096
2013-03-17 10:39:30 0.0182617307668 0.0472110508423 0.570750973105
2013-03-17 10:39:30 0.0182615928219 0.0472100718887 0.570719389782
2013-03-17 10:39:30 0.0182613859132 0.0472086038952 0.570672014784
2013-03-17 10:39:30 0.0182612479712 0.0472076249425 0.57064043146
2013-03-17 10:39:30 0.0182610410579 0.0472061568477 0.570593056468
2013-03-17 10:39:30 0.0182609031172 0.0472051777799 0.570561473146
2013-03-17 10:39:30 0.0182606962078 0.0472037095686 0.570514098154
2013-03-17 10:39:30 0.0182605582667 0.0472027309489 0.570482514823
2013-03-17 10:39:30 0.0182603513544 0.0472012625112 0.570435139838
2013-03-17 10:39:30 0.0182602134134 0.047200283772 0.570403556507
2013-03-17 10:39:30 0.0182600065014 0.0471988155738 0.570356181515
2013-03-17 10:39:30 0.0182598685656 0.0471978368338 0.570324598186
2013-03-17 10:39:30 0.0182596616546 0.0471963685011 0.570277223201
2013-03-17 10:39:30 0.018259523714 0.0471953896672 0.57024563987
2013-03-17 10:39:30 0.0182593168073 0.0471939215652 0.57019826488
2013-03-17 10:39:30 0.0182591788701 0.0471929426041 0.570166681554
2013-03-17 10:39:30 0.0182589719592 0.0471914745003 0.570119306556
2013-03-17 10:39:30 0.0182588340219 0.0471904955531 0.570087723233
2013-03-17 10:39:30 0.0182586271147 0.0471890275509 0.570040348236
2013-03-17 10:39:30 0.0182584891754 0.0471880484965 0.570008764919
2013-03-17 10:39:30 0.0182582822676 0.0471865805035 0.569961389919
2013-03-17 10:39:30 0.0182581443311 0.0471856015426 0.569929806591
2013-03-17 10:39:30 0.0182579374214 0.0471841333368 0.569882431605
2013-03-17 10:39:30 0.0182577994847 0.0471831546031 0.569850848274
2013-03-17 10:39:30 0.0182576615478 0.0471821757579 0.56981926495
2013-03-17 10:39:30 0.0182574546379 0.0471807074262 0.56977188996
2013-03-17 10:39:30 0.0182573167042 0.0471797286934 0.569740306627
2013-03-17 10:39:30 0.0182571097979 0.0471782605002 0.569692931643
2013-03-17 10:39:30 0.0182569718618 0.047177281649 0.569661348313
2013-03-17 10:39:30 0.0182567649564 0.0471758135545 0.569613973323
2013-03-17 10:39:30 0.0182566270203 0.047174834595 0.569582389992
2013-03-17 10:39:30 0.018256420116 0.0471733664968 0.569535015006
2013-03-17 10:39:30 0.0182562821799 0.0471723874282 0.569503431682
2013-03-17 10:39:30 0.0182560752749 0.047170919444 0.569456056684
2013-03-17 10:39:30 0.0182559373428 0.0471699403704 0.569424473367
2013-03-17 10:39:30 0.0182557304386 0.0471684722754 0.569377098373
2013-03-17 10:39:30 0.0182555925094 0.0471674933193 0.569345515045
2013-03-17 10:39:30 0.018255385602 0.0471660252127 0.569298140051
2013-03-17 10:39:30 0.0182552476689 0.047165046365 0.569266556722
2013-03-17 10:39:30 0.0182550407671 0.0471635782684 0.569219181732
2013-03-17 10:39:30 0.0182549028304 0.047162599416 0.569187598401
2013-03-17 10:39:30 0.0182546959259 0.0471611311948 0.56914022341
2013-03-17 10:39:30 0.0182545579944 0.0471601524687 0.569108640079
2013-03-17 10:39:30 0.0182543510898 0.0471586843668 0.569061265087
2013-03-17 10:39:30 0.0182542131585 0.0471577055225 0.569029681756
2013-03-17 10:39:30 0.0182540062582 0.0471562370705 0.568982306773
2013-03-17 10:39:30 0.0182538683249 0.0471552581152 0.568950723448
2013-03-17 10:39:30 0.0182536614249 0.0471537902372 0.56890334845
2013-03-17 10:39:30 0.018253523492 0.0471528112775 0.568871765126
2013-03-17 10:39:30 0.01825331659 0.0471513429603 0.568824390139
2013-03-17 10:39:30 0.0182531786609 0.0471503641113 0.568792806811
2013-03-17 10:39:30 0.0182529717582 0.0471488960131 0.568745431823
2013-03-17 10:39:30 0.0182528338281 0.0471479170566 0.568713848494
2013-03-17 10:39:30 0.0182526269304 0.0471464488465 0.568666473508
2013-03-17 10:39:30 0.0182524889992 0.0471454697691 0.568634890178
2013-03-17 10:39:30 0.0182522820973 0.0471440017898 0.568587515185
2013-03-17 10:39:30 0.0182521441699 0.0471430229374 0.568555931855
2013-03-17 10:39:30 0.018251937269 0.0471415547168 0.568508556865
2013-03-17 10:39:30 0.0182517993407 0.0471405757674 0.56847697354
2013-03-17 10:39:30 0.0182516614093 0.0471395972566 0.568445390209
2013-03-17 10:39:30 0.018251454512 0.0471381290324 0.568398015213
2013-03-17 10:39:30 0.0182513165803 0.0471371500867 0.568366431894
2013-03-17 10:39:30 0.0182511096819 0.0471356819822 0.568319056896
2013-03-17 10:39:30 0.0182509717538 0.0471347031359 0.568287473572
2013-03-17 10:39:30 0.018250764857 0.047133234808 0.56824009858
2013-03-17 10:39:30 0.0182506269311 0.047132255966 0.568208515249
2013-03-17 10:39:30 0.0182504200333 0.047130787745 0.568161140257
2013-03-17 10:39:30 0.018250282104 0.0471298091223 0.568129556926
2013-03-17 10:39:30 0.0182500752089 0.0471283406902 0.568082181942
2013-03-17 10:39:30 0.0182499372796 0.0471273619554 0.568050598611
2013-03-17 10:39:30 0.0182497303856 0.0471258937331 0.568003223619
2013-03-17 10:39:30 0.018249592457 0.0471249151122 0.567971640288
2013-03-17 10:39:30 0.0182493855666 0.0471234466784 0.567924265304
2013-03-17 10:39:30 0.018249247633 0.0471224678274 0.56789268198
2013-03-17 10:39:30 0.0182490407381 0.0471209995099 0.567845306981
2013-03-17 10:39:30 0.018248902811 0.0471200208874 0.567813723656
2013-03-17 10:39:30 0.0182486959183 0.0471185523384 0.567766348676
2013-03-17 10:39:30 0.0182485579904 0.0471175736014 0.567734765346
2013-03-17 10:39:30 0.0182483511012 0.0471161052861 0.567687390355
2013-03-17 10:39:30 0.0182482131704 0.0471151266522 0.567655807024
2013-03-17 10:39:30 0.0182480062819 0.0471136584421 0.567608432032
2013-03-17 10:39:30 0.0182478683531 0.0471126797089 0.567576848703
2013-03-17 10:39:30 0.0182476614621 0.0471112113777 0.567529473711
2013-03-17 10:39:30 0.0182475235356 0.0471102327512 0.567497890381
2013-03-17 10:39:30 0.0182473166428 0.0471087643225 0.567450515394
2013-03-17 10:39:30 0.0182471787192 0.0471077855793 0.567418932057
2013-03-17 10:39:30 0.0182469718333 0.0471063173565 0.567371557065
2013-03-17 10:39:30 0.0182468339076 0.0471053385181 0.56733997374
2013-03-17 10:39:30 0.0182466270185 0.0471038703017 0.567292598748
2013-03-17 10:39:30 0.0182464890908 0.0471028914566 0.567261015425
2013-03-17 10:39:30 0.0182462822032 0.0471014232405 0.567213640427
2013-03-17 10:39:30 0.0182461442773 0.0471004443988 0.567182057108
2013-03-17 10:39:30 0.0182459373866 0.0470989761811 0.567134682116
2013-03-17 10:39:30 0.0182457994607 0.0470979974458 0.567103098785
2013-03-17 10:39:30 0.0182456615375 0.0470970185992 0.567071515456
2013-03-17 10:39:30 0.0182454546517 0.047095550259 0.567024140471
2013-03-17 10:39:30 0.0182453167245 0.047094571519 0.56699255714
2013-03-17 10:39:30 0.0182451098387 0.0470931033135 0.566945182147
2013-03-17 10:39:30 0.0182449719172 0.0470921244603 0.566913598818
2013-03-17 10:39:30 0.0182447650279 0.0470906561384 0.566866223832
2013-03-17 10:39:30 0.0182446271044 0.0470896775123 0.566834640501
2013-03-17 10:39:30 0.0182444202196 0.0470882091909 0.566787265511
2013-03-17 10:39:30 0.0182442822953 0.0470872302262 0.566755682192
2013-03-17 10:39:30 0.0182440754137 0.0470857620176 0.566708307198
2013-03-17 10:39:30 0.0182439374914 0.0470847831722 0.566676723869
2013-03-17 10:39:30 0.0182437306055 0.0470833150616 0.56662934887
2013-03-17 10:39:30 0.0182435926851 0.0470823362211 0.566597765545
2013-03-17 10:39:30 0.0182433858001 0.0470808678934 0.566550390555
2013-03-17 10:39:30 0.0182432478776 0.0470798893791 0.566518807224
2013-03-17 10:39:30 0.0182430409905 0.0470784209416 0.56647143223
2013-03-17 10:39:30 0.0182429030695 0.0470774422057 0.566439848907
2013-03-17 10:39:30 0.0182426961872 0.0470759738711 0.566392473915
2013-03-17 10:39:30 0.0182425582653 0.0470749952463 0.566360890586
2013-03-17 10:39:30 0.0182423513803 0.0470735269253 0.566313515597
2013-03-17 10:39:30 0.0182422134599 0.0470725480794 0.566281932268
2013-03-17 10:39:30 0.0182420065805 0.0470710797469 0.566234557276
2013-03-17 10:39:30 0.0182418686579 0.0470701010101 0.566202973953
2013-03-17 10:39:30 0.0182416617779 0.0470686326888 0.566155598959
2013-03-17 10:39:30 0.0182415238581 0.0470676538361 0.566124015636
2013-03-17 10:39:30 0.0182413169823 0.0470661857363 0.566076640637
2013-03-17 10:39:30 0.0182411790608 0.0470652068895 0.566045057312
2013-03-17 10:39:30 0.0182409721834 0.0470637386768 0.56599768232
2013-03-17 10:39:30 0.0182408342625 0.0470627598294 0.565966098997
2013-03-17 10:39:30 0.0182406273842 0.0470612915067 0.565918723996
2013-03-17 10:39:30 0.0182404894649 0.0470603129872 0.565887140661
2013-03-17 10:39:30 0.0182402825821 0.0470588445523 0.565839765681
2013-03-17 10:39:30 0.0182401446635 0.0470578659296 0.565808182344
2013-03-17 10:39:30 0.0182399377841 0.0470563974845 0.565760807358
2013-03-17 10:39:30 0.0182397998651 0.0470554188581 0.565729224029
2013-03-17 10:39:30 0.0182396619447 0.0470544399007 0.56569764071
2013-03-17 10:39:30 0.0182394550696 0.0470529716835 0.565650265717
2013-03-17 10:39:30 0.0182393171493 0.0470519928389 0.565618682386
2013-03-17 10:39:30 0.0182391102737 0.0470505246189 0.5655713074
2013-03-17 10:39:30 0.0182389723549 0.0470495458888 0.565539724069
2013-03-17 10:39:30 0.0182387654814 0.0470480774461 0.565492349078
2013-03-17 10:39:30 0.0182386275603 0.0470470987116 0.565460765747
2013-03-17 10:39:30 0.0182384206895 0.0470456304926 0.565413390761
2013-03-17 10:39:30 0.0182382827714 0.0470446516471 0.565381807432
2013-03-17 10:39:30 0.0182380758945 0.0470431834274 0.565334432437
2013-03-17 10:39:30 0.0182379379798 0.047042204693 0.565302849108
2013-03-17 10:39:30 0.0182377311043 0.0470407363634 0.565255474122
2013-03-17 10:39:30 0.0182375931864 0.0470397577305 0.565223890791
2013-03-17 10:39:30 0.0182373863125 0.0470382894136 0.565176515792
2013-03-17 10:39:30 0.0182372483997 0.0470373105609 0.565144932467
2013-03-17 10:39:30 0.0182370415168 0.0470358423422 0.565097557476
2013-03-17 10:39:30 0.0182369036039 0.0470348635935 0.565065974146
2013-03-17 10:39:30 0.0182366967288 0.0470333952729 0.565018599158
2013-03-17 10:39:30 0.0182365588105 0.0470324166424 0.564987015822
2013-03-17 10:39:30 0.0182363519426 0.0470309483188 0.564939640836
2013-03-17 10:39:30 0.0182362140242 0.0470299695822 0.564908057506
2013-03-17 10:39:30 0.0182360071533 0.0470285012454 0.564860682514
2013-03-17 10:39:30 0.0182358692383 0.0470275224048 0.564829099189
2013-03-17 10:39:30 0.0182356623677 0.0470260543001 0.564781724196
2013-03-17 10:39:30 0.0182355244588 0.0470250752313 0.564750140871
2013-03-17 10:39:30 0.0182353175856 0.04702360701 0.564702765878
2013-03-17 10:39:30 0.0182351796733 0.0470226281668 0.564671182555
2013-03-17 10:39:30 0.0182349728016 0.0470211599423 0.564623807562
2013-03-17 10:39:30 0.0182348348864 0.0470201812041 0.564592224232
2013-03-17 10:39:30 0.0182346280179 0.0470187129929 0.564544849239
2013-03-17 10:39:30 0.0182344901041 0.0470177340356 0.564513265922
2013-03-17 10:39:30 0.0182342832339 0.0470162659208 0.564465890923
2013-03-17 10:39:30 0.018234145318 0.0470152870711 0.564434307599
2013-03-17 10:39:30 0.0182339384501 0.0470138187519 0.564386932604
2013-03-17 10:39:30 0.0182338005352 0.0470128400063 0.564355349275
2013-03-17 10:39:30 0.0182336626253 0.0470118611591 0.564323765943
2013-03-17 10:39:30 0.0182334557545 0.0470103930595 0.564276390951
2013-03-17 10:39:30 0.0182333178449 0.0470094140947 0.564244807621
2013-03-17 10:39:30 0.0182331109783 0.0470079459892 0.564197432629
2013-03-17 10:39:30 0.0182329730668 0.0470069672539 0.564165849297
2013-03-17 10:39:30 0.0182327661971 0.0470054991473 0.564118474305
2013-03-17 10:39:30 0.0182326282914 0.0470045200741 0.564086890982
2013-03-17 10:39:30 0.0182324214231 0.047003051974 0.564039515989
2013-03-17 10:39:30 0.0182322835139 0.047002073123 0.564007932666
2013-03-17 10:39:30 0.0182320766444 0.047000604792 0.563960557671
2013-03-17 10:39:30 0.0182319387373 0.046999625945 0.563928974347
2013-03-17 10:39:30 0.0182317318713 0.0469981576184 0.563881599355
2013-03-17 10:39:30 0.0182315939607 0.0469971789902 0.563850016024
2013-03-17 10:39:30 0.0182313870973 0.0469957107719 0.563802641031
2013-03-17 10:39:30 0.0182312491868 0.0469947318203 0.563771057706
2013-03-17 10:39:30 0.0182310423209 0.0469932634821 0.56372368272
2013-03-17 10:39:30 0.0182309044079 0.0469922847458 0.563692099389
2013-03-17 10:39:30 0.0182306975475 0.0469908165303 0.563644724403
2013-03-17 10:39:30 0.0182305596373 0.046989837678 0.563613141072
2013-03-17 10:39:30 0.0182303527757 0.0469883694598 0.563565766073
2013-03-17 10:39:30 0.0182302148656 0.0469873906098 0.563534182748
