2013-03-17 10:39:30 0.0183327209939 0.0477146495682 0.587000594545
2013-03-17 10:39:30 0.0183309957976 0.0477024143913 0.586605802988
2013-03-17 10:39:30 0.0183292706303 0.047690179234 0.586211011415
2013-03-17 10:39:30 0.0183276144832 0.0476784335441 0.585832011511
2013-03-17 10:39:30 0.0183258893546 0.0476661984792 0.585437219935
2013-03-17 10:39:30 0.018324164257 0.0476539635433 0.585042428356
2013-03-17 10:39:30 0.0183224391728 0.0476417282387 0.584647636792
2013-03-17 10:39:30 0.0183207141192 0.0476294931854 0.58425284522
2013-03-17 10:39:30 0.0183189890773 0.0476172581069 0.583858053642
2013-03-17 10:39:30 0.018317264068 0.0476050230419 0.583463262069
2013-03-17 10:39:30 0.0183156080761 0.0475932774436 0.58308426215
2013-03-17 10:39:30 0.0183138831086 0.0475810421216 0.582689470585
2013-03-17 10:39:30 0.0183121581612 0.0475688071607 0.582294679005
2013-03-17 10:39:30 0.0183104332379 0.0475565719642 0.581899887428
2013-03-17 10:39:30 0.0183087083382 0.0475443366635 0.581505095861
2013-03-17 10:39:30 0.0183069834605 0.0475321017919 0.581110304271
2013-03-17 10:39:30 0.0183052586058 0.0475198664739 0.580715512702
2013-03-17 10:39:30 0.0183036027647 0.0475081208518 0.580336512779
2013-03-17 10:39:30 0.0183018779536 0.0474958856383 0.579941721208
2013-03-17 10:39:30 0.0183001531662 0.0474836506504 0.579546929618
2013-03-17 10:39:30 0.0182984283999 0.0474714153178 0.579152138047
2013-03-17 10:39:30 0.0182967036562 0.0474591802021 0.578757346468
2013-03-17 10:39:30 0.018294978936 0.047446945107 0.578362554883
2013-03-17 10:39:30 0.01829325424 0.0474347099958 0.577967763295
2013-03-17 10:39:30 0.0182915985495 0.0474229642452 0.577588763384
2013-03-17 10:39:30 0.0182898739013 0.0474107290188 0.577193971797
2013-03-17 10:39:30 0.0182881492673 0.0473984937799 0.576799180222
2013-03-17 10:39:30 0.0182864246612 0.0473862587552 0.576404388627
2013-03-17 10:39:30 0.0182847000735 0.0473740235224 0.576009597052
2013-03-17 10:39:30 0.0182829755125 0.0473617882735 0.575614805468
2013-03-17 10:39:30 0.0182813199604 0.0473500427284 0.575235805542
2013-03-17 10:39:30 0.0182795954368 0.047337807247 0.574841013964
2013-03-17 10:39:30 0.0182778709459 0.0473255721104 0.574446222379
2013-03-17 10:39:30 0.0182761464681 0.0473133370766 0.574051430782
2013-03-17 10:39:30 0.0182744220193 0.0473011018272 0.573656639202
2013-03-17 10:39:30 0.0182726975923 0.0472888665657 0.573261847617
2013-03-17 10:39:30 0.0182709731883 0.047276631629 0.572867056019
2013-03-17 10:39:30 0.0182693177836 0.0472648856129 0.572488056102
2013-03-17 10:39:30 0.0182675934187 0.0472526503506 0.572093264513
2013-03-17 10:39:30 0.0182658690868 0.0472404151828 0.571698472931
2013-03-17 10:39:30 0.0182641447688 0.0472281800233 0.571303681331
2013-03-17 10:39:30 0.0182624204764 0.0472159448381 0.570908889748
2013-03-17 10:39:30 0.0182606962078 0.0472037095686 0.570514098154
2013-03-17 10:39:30 0.0182589719592 0.0471914745003 0.570119306556
2013-03-17 10:39:30 0.0182573167042 0.0471797286934 0.569740306627
2013-03-17 10:39:30 0.0182555925094 0.0471674933193 0.569345515045
2013-03-17 10:39:30 0.0182538683249 0.0471552581152 0.568950723448
2013-03-17 10:39:30 0.0182521441699 0.0471430229374 0.568555931855
2013-03-17 10:39:30 0.0182504200333 0.047130787745 0.568161140257
2013-03-17 10:39:30 0.0182486959183 0.0471185523384 0.567766348676
2013-03-17 10:39:30 0.0182469718333 0.0471063173565 0.567371557065
2013-03-17 10:39:30 0.0182453167245 0.047094571519 0.56699255714
2013-03-17 10:39:30 0.0182435926851 0.0470823362211 0.566597765545
2013-03-17 10:39:30 0.0182418686579 0.0470701010101 0.566202973953
2013-03-17 10:39:30 0.0182401446635 0.0470578659296 0.565808182344
2013-03-17 10:39:30 0.0182384206895 0.0470456304926 0.565413390761
2013-03-17 10:39:30 0.0182366967288 0.0470333952729 0.565018599158
2013-03-17 10:39:30 0.0182349728016 0.0470211599423 0.564623807562
2013-03-17 10:39:30 0.0182333178449 0.0470094140947 0.564244807621
2013-03-17 10:39:30 0.0182315939607 0.0469971789902 0.563850016024
2013-03-17 10:39:30 0.018229870098 0.0469849435366 0.563455224426
2013-03-17 10:39:30 0.0182281462558 0.0469727086449 0.56306043282
2013-03-17 10:39:30 0.0182264224379 0.0469604730763 0.562665641228
2013-03-17 10:39:30 0.0182246986409 0.0469482378587 0.562270849628
2013-03-17 10:39:30 0.0182229748661 0.046936002724 0.561876058016
2013-03-17 10:39:30 0.0182213200633 0.0469242566342 0.561497058085
2013-03-17 10:39:30 0.0182195963364 0.0469120212772 0.561102266491
2013-03-17 10:39:30 0.018217872629 0.0468997860407 0.560707474884
2013-03-17 10:39:30 0.018216148948 0.046887550911 0.560312683275
2013-03-17 10:39:30 0.0182144252885 0.0468753154363 0.559917891672
2013-03-17 10:39:30 0.0182127016509 0.0468630803004 0.559523100069
2013-03-17 10:39:30 0.0182109780326 0.0468508449104 0.559128308461
2013-03-17 10:39:30 0.0182093233833 0.0468390991376 0.558749308525
2013-03-17 10:39:30 0.0182075998096 0.0468268638808 0.558354516915
2013-03-17 10:39:30 0.0182058762642 0.0468146285128 0.557959725316
2013-03-17 10:39:30 0.0182041527393 0.046802393246 0.557564933705
2013-03-17 10:39:30 0.0182024292348 0.0467901578474 0.5571701421
2013-03-17 10:39:30 0.0182007057569 0.0467779225756 0.556775350487
2013-03-17 10:39:30 0.0181989822985 0.0467656872939 0.556380558879
2013-03-17 10:39:30 0.0181973278015 0.046753941501 0.55600155893
2013-03-17 10:39:30 0.0181956043845 0.0467417058872 0.555606767334
2013-03-17 10:39:30 0.0181938809913 0.0467294708132 0.555211975715
2013-03-17 10:39:30 0.0181921576275 0.0467172354118 0.554817184105
2013-03-17 10:39:30 0.0181904342797 0.0467049999069 0.554422392501
2013-03-17 10:39:30 0.0181887109642 0.0466927648337 0.554027600886
2013-03-17 10:39:30 0.0181869876601 0.0466805294254 0.553632809276
2013-03-17 10:39:30 0.0181853333141 0.0466687833729 0.553253809329
2013-03-17 10:39:30 0.0181836100583 0.0466565482897 0.552859017706
2013-03-17 10:39:30 0.0181818868254 0.0466443126516 0.552464226105
2013-03-17 10:39:30 0.0181801636133 0.0466320773541 0.552069434488
2013-03-17 10:39:30 0.0181784404257 0.0466198421597 0.55167464287
2013-03-17 10:39:30 0.0181767172633 0.0466076066074 0.551279851264
2013-03-17 10:39:30 0.0181749941217 0.0465953714083 0.550885059644
2013-03-17 10:39:30 0.0181733399234 0.0465836253493 0.550506059697
2013-03-17 10:39:30 0.0181716168276 0.0465713900244 0.550111268077
2013-03-17 10:39:30 0.0181698937524 0.0465591549189 0.549716476456
2013-03-17 10:39:30 0.0181681706993 0.0465469193521 0.549321684842
2013-03-17 10:39:30 0.0181664476667 0.0465346840224 0.548926893226
2013-03-17 10:39:30 0.0181647246608 0.0465224485819 0.54853210161
2013-03-17 10:39:30 0.0181630016763 0.0465102133521 0.548137309985
2013-03-17 10:39:30 0.0181613476349 0.0464984672665 0.547758310033
2013-03-17 10:39:30 0.0181596246962 0.0464862319229 0.547363518422
2013-03-17 10:39:30 0.0181579017791 0.0464739964634 0.546968726798
2013-03-17 10:39:30 0.0181561788824 0.0464617612217 0.546573935173
2013-03-17 10:39:30 0.0181544560139 0.046449525754 0.546179143554
2013-03-17 10:39:30 0.0181527331581 0.0464372903982 0.545784351933
2013-03-17 10:39:30 0.0181510792475 0.046425544291 0.545405351983
2013-03-17 10:39:30 0.0181493564439 0.0464133090328 0.545010560356
2013-03-17 10:39:30 0.0181476336626 0.0464010736739 0.544615768729
2013-03-17 10:39:30 0.0181459109025 0.0463888379631 0.54422097712
2013-03-17 10:39:30 0.0181441881626 0.046376602827 0.543826185486
2013-03-17 10:39:30 0.0181424654539 0.0463643672361 0.543431393864
2013-03-17 10:39:30 0.0181407427615 0.0463521317464 0.543036602248
2013-03-17 10:39:30 0.0181390889987 0.0463403857442 0.542657602281
2013-03-17 10:39:30 0.0181373663501 0.0463281503598 0.542262810651
2013-03-17 10:39:30 0.0181356437238 0.0463159148631 0.541868019027
2013-03-17 10:39:30 0.0181339211241 0.0463036794581 0.541473227404
2013-03-17 10:39:30 0.0181321985457 0.046291444067 0.541078435777
2013-03-17 10:39:30 0.0181304759897 0.0462792087783 0.540683644145
2013-03-17 10:39:30 0.0181287534551 0.0462669731675 0.540288852525
2013-03-17 10:39:30 0.0181270998439 0.0462552271446 0.539909852561
2013-03-17 10:39:30 0.0181253773562 0.0462429919539 0.539515060923
2013-03-17 10:39:30 0.0181236548921 0.0462307563248 0.539120269302
2013-03-17 10:39:30 0.0181219324419 0.0462185208026 0.538725477674
2013-03-17 10:39:30 0.0181202100239 0.046206285502 0.538330686038
2013-03-17 10:39:30 0.0181184876237 0.0461940499744 0.537935894411
2013-03-17 10:39:30 0.0181167652481 0.0461818145394 0.537541102783
2013-03-17 10:39:30 0.0181151117903 0.046170068496 0.537162102814
2013-03-17 10:39:30 0.0181133894541 0.0461578331865 0.536767311179
2013-03-17 10:39:30 0.0181116671553 0.0461455975407 0.536372519547
2013-03-17 10:39:30 0.0181099448639 0.046133362224 0.535977727916
2013-03-17 10:39:30 0.0181082226028 0.0461211266681 0.535582936279
2013-03-17 10:39:30 0.0181065003593 0.0461088913347 0.535188144647
2013-03-17 10:39:30 0.018104778137 0.0460966555789 0.534793353021
2013-03-17 10:39:30 0.0181031248341 0.046084909517 0.53441435305
2013-03-17 10:39:30 0.0181014026584 0.0460726741816 0.534019561403
2013-03-17 10:39:30 0.0180996805084 0.0460604386084 0.53362476977
2013-03-17 10:39:30 0.0180979583777 0.0460482029405 0.53322997815
2013-03-17 10:39:30 0.0180962362759 0.0460359677058 0.532835186497
2013-03-17 10:39:30 0.0180945141913 0.0460237321432 0.532440394866
2013-03-17 10:39:30 0.0180927921279 0.04601149657 0.53204560323
2013-03-17 10:39:30 0.0180911389762 0.045999750806 0.531666603252
2013-03-17 10:39:30 0.0180894169554 0.0459875150072 0.531271811621
2013-03-17 10:39:30 0.0180876949637 0.045975279538 0.530877019984
2013-03-17 10:39:30 0.0180859729954 0.0459630440668 0.530482228339
2013-03-17 10:39:30 0.0180842510498 0.0459508084806 0.530087436703
2013-03-17 10:39:30 0.0180825291197 0.0459385729867 0.529692645059
2013-03-17 10:39:30 0.0180808072197 0.0459263373938 0.529297853426
2013-03-17 10:39:30 0.0180791542151 0.0459145912898 0.528918853451
2013-03-17 10:39:30 0.018077432354 0.0459023559267 0.528524061798
2013-03-17 10:39:30 0.0180757105189 0.0458901203266 0.528129270162
2013-03-17 10:39:30 0.0180739887082 0.0458778848255 0.527734478524
2013-03-17 10:39:30 0.0180722669187 0.0458656495416 0.527339686869
2013-03-17 10:39:30 0.0180705451504 0.0458534138277 0.526944895234
2013-03-17 10:39:30 0.0180688234124 0.0458411782069 0.526550103591
2013-03-17 10:39:30 0.0180671705493 0.0458294320842 0.52617110361
2013-03-17 10:39:30 0.0180654488518 0.0458171965832 0.525776311964
2013-03-17 10:39:30 0.0180637271734 0.0458049610692 0.525381520319
2013-03-17 10:39:30 0.0180620055195 0.0457927254544 0.524986728676
2013-03-17 10:39:30 0.0180602838923 0.0457804900476 0.524591937024
2013-03-17 10:39:30 0.0180585622777 0.0457682540912 0.524197145392
2013-03-17 10:39:30 0.0180568406975 0.0457560188748 0.523802353735
2013-03-17 10:39:30 0.0180551879847 0.0457442727347 0.523423353753
2013-03-17 10:39:30 0.0180534664465 0.0457320371009 0.523028562101
2013-03-17 10:39:30 0.0180517449264 0.0457198015659 0.52263377046
2013-03-17 10:39:30 0.0180500234318 0.0457075658109 0.522238978811
2013-03-17 10:39:30 0.0180483019547 0.0456953303702 0.521844187158
2013-03-17 10:39:30 0.0180465805001 0.0456830948335 0.521449395506
2013-03-17 10:39:30 0.0180448590785 0.0456708590721 0.521054603868
2013-03-17 10:39:30 0.0180432065259 0.0456591129097 0.520675603877
2013-03-17 10:39:30 0.0180414851413 0.045646877589 0.520280812221
2013-03-17 10:39:30 0.0180397637752 0.0456346417898 0.519886020572
2013-03-17 10:39:30 0.01803804244 0.0456224063535 0.519491228922
2013-03-17 10:39:30 0.0180363211174 0.0456101706748 0.519096437264
2013-03-17 10:39:30 0.0180345998269 0.0455979351209 0.518701645619
2013-03-17 10:39:30 0.0180329474086 0.0455861890462 0.518322645627
2013-03-17 10:39:30 0.0180312261581 0.0455739532488 0.517927853981
2013-03-17 10:39:30 0.0180295049319 0.0455617176929 0.517533062323
2013-03-17 10:39:30 0.0180277837226 0.0455494821209 0.517138270668
2013-03-17 10:39:30 0.0180260625452 0.0455372465544 0.516743479009
2013-03-17 10:39:30 0.0180243413827 0.0455250108615 0.516348687355
2013-03-17 10:39:30 0.0180226202496 0.0455127752699 0.515953895701
2013-03-17 10:39:30 0.0180209679789 0.0455010290626 0.515574895711
2013-03-17 10:39:30 0.0180192468897 0.0454887933661 0.515180104056
2013-03-17 10:39:30 0.0180175258212 0.0454765579915 0.514785312393
2013-03-17 10:39:30 0.0180158047734 0.0454643221763 0.514390520739
2013-03-17 10:39:30 0.0180140837521 0.0454520865791 0.513995729081
2013-03-17 10:39:30 0.0180123627475 0.0454398507499 0.513600937424
2013-03-17 10:39:30 0.018010641768 0.0454276151595 0.51320614576
2013-03-17 10:39:30 0.0180089896537 0.0454158689405 0.512827145767
2013-03-17 10:39:30 0.0180072687202 0.0454036333256 0.512432354108
2013-03-17 10:39:30 0.0180055478084 0.0453913974856 0.512037562455
2013-03-17 10:39:30 0.0180038269182 0.0453791620828 0.511642770784
2013-03-17 10:39:30 0.0180021060545 0.0453669262505 0.51124797913
2013-03-17 10:39:30 0.018000385208 0.0453546906219 0.510853187466
2013-03-17 10:39:30 0.0179986643855 0.04534245501 0.510458395804
2013-03-17 10:39:30 0.0179970124213 0.0453307087577 0.510079395808
2013-03-17 10:39:30 0.017995291645 0.0453184731226 0.509684604147
2013-03-17 10:39:30 0.0179935708956 0.0453062376127 0.509289812472
2013-03-17 10:39:30 0.0179918501655 0.045294001748 0.508895020822
2013-03-17 10:39:30 0.0179901294537 0.0452817661315 0.508500229148
2013-03-17 10:39:30 0.0179884087693 0.0452695304671 0.50810543749
2013-03-17 10:39:30 0.0179866881081 0.0452572946052 0.507710645826
2013-03-17 10:39:30 0.0179850362898 0.0452455484588 0.507331645821
2013-03-17 10:39:30 0.0179833156671 0.045233312803 0.506936854157
2013-03-17 10:39:30 0.0179815950741 0.0452210770519 0.506542062491
2013-03-17 10:39:30 0.0179798745076 0.0452088416016 0.506147270815
2013-03-17 10:39:30 0.0179781539536 0.0451966057252 0.505752479161
2013-03-17 10:39:30 0.0179764334249 0.045184370057 0.505357687487
2013-03-17 10:39:30 0.0179747129179 0.0451721343984 0.504962895821
2013-03-17 10:39:30 0.0179730612567 0.0451603881178 0.50458389582
2013-03-17 10:39:30 0.0179713407969 0.0451481522064 0.504189104151
2013-03-17 10:39:30 0.0179696203561 0.0451359167603 0.50379431248
2013-03-17 10:39:30 0.017967899945 0.0451236808574 0.503399520809
2013-03-17 10:39:30 0.0179661795537 0.0451114449575 0.503004729145
2013-03-17 10:39:30 0.0179644591843 0.045099209497 0.502609937465
2013-03-17 10:39:30 0.0179627388353 0.0450869736915 0.502215145797
2013-03-17 10:39:30 0.0179610873187 0.0450752275028 0.501836145791
2013-03-17 10:39:30 0.0179593670199 0.045062991701 0.501441354125
2013-03-17 10:39:30 0.0179576467345 0.0450507560114 0.501046562448
2013-03-17 10:39:30 0.0179559264831 0.0450385201959 0.500651770777
2013-03-17 10:39:30 0.0179542062459 0.0450262846014 0.5002569791
2013-03-17 10:39:30 0.0179524860354 0.0450140486807 0.499862187432
2013-03-17 10:39:30 0.0179507658466 0.0450018132018 0.499467395747
2013-03-17 10:39:30 0.0179491144885 0.0449900667734 0.499088395745
2013-03-17 10:39:30 0.0179473943408 0.0449778308391 0.498693604073
2013-03-17 10:39:30 0.0179456742199 0.0449655952255 0.498298812398
2013-03-17 10:39:30 0.0179439541186 0.0449533594031 0.497904020717
2013-03-17 10:39:30 0.0179422340432 0.0449411235709 0.497509229049
2013-03-17 10:39:30 0.0179405139878 0.0449288879541 0.497114437362
2013-03-17 10:39:30 0.0179387939555 0.0449166523374 0.496719645684
2013-03-17 10:39:30 0.0179371427489 0.044904905985 0.496340645667
2013-03-17 10:39:30 0.017935422759 0.0448926700305 0.495945854003
2013-03-17 10:39:30 0.017933702798 0.0448804342997 0.49555106232
2013-03-17 10:39:30 0.0179319828542 0.0448681985596 0.495156270636
2013-03-17 10:39:30 0.0179302629316 0.0448559627116 0.494761478965
2013-03-17 10:39:30 0.0179285430399 0.044843726842 0.494366687287
2013-03-17 10:39:30 0.0179268231608 0.0448314913138 0.493971895595
2013-03-17 10:39:30 0.0179251721082 0.0448197447377 0.493592895589
2013-03-17 10:39:30 0.0179234522773 0.0448075089801 0.493198103909
2013-03-17 10:39:30 0.017921732473 0.0447952731137 0.492803312228
2013-03-17 10:39:30 0.017920012688 0.0447830375584 0.492408520542
2013-03-17 10:39:30 0.0179182929261 0.0447708015833 0.492013728861
2013-03-17 10:39:30 0.0179165731923 0.0447585659279 0.49161893718
2013-03-17 10:39:30 0.0179149222582 0.0447468194421 0.491239937163
2013-03-17 10:39:30 0.0179132025644 0.0447345835756 0.490845145481
2013-03-17 10:39:30 0.0179114828939 0.0447223478983 0.490450353794
2013-03-17 10:39:30 0.0179097632451 0.0447101120128 0.490055562109
2013-03-17 10:39:30 0.0179080436181 0.0446978761197 0.489660770426
2013-03-17 10:39:30 0.0179063240152 0.0446856404472 0.489265978734
2013-03-17 10:39:30 0.0179046044362 0.0446734045455 0.488871187051
2013-03-17 10:39:30 0.0179029536636 0.0446616581313 0.48849218704
2013-03-17 10:39:30 0.0179012341185 0.0446494224548 0.488097395341
2013-03-17 10:39:30 0.0178995146065 0.04463718655 0.487702603663
2013-03-17 10:39:30 0.0178977951165 0.044624950537 0.487307811969
2013-03-17 10:39:30 0.0178960756469 0.0446127149534 0.486913020277
2013-03-17 10:39:30 0.0178943562051 0.0446004786994 0.486518228603
2013-03-17 10:39:30 0.01789263678 0.0445882432242 0.486123436902
2013-03-17 10:39:30 0.0178909861584 0.0445764965821 0.485744436886
2013-03-17 10:39:30 0.0178892667775 0.044564260665 0.4853496452
2013-03-17 10:39:30 0.0178875474189 0.0445520249515 0.4849548535
2013-03-17 10:39:30 0.017885828088 0.0445397889035 0.484560061824
2013-03-17 10:39:30 0.0178841087718 0.0445275530847 0.484165270125
2013-03-17 10:39:30 0.0178823894891 0.0445153173738 0.483770478429
2013-03-17 10:39:30 0.0178806702217 0.0445030814441 0.483375686745
2013-03-17 10:39:30 0.0178790197522 0.0444913350046 0.482996686715
2013-03-17 10:39:30 0.01787730053 0.0444790992659 0.482601895026
2013-03-17 10:39:30 0.0178755813355 0.044466863223 0.482207103333
2013-03-17 10:39:30 0.0178738621571 0.0444546273828 0.481812311641
2013-03-17 10:39:30 0.0178721429996 0.0444423915386 0.481417519943
2013-03-17 10:39:30 0.0178704238735 0.0444301556913 0.481022728249
2013-03-17 10:39:30 0.0178687047642 0.0444179198433 0.480627936552
2013-03-17 10:39:30 0.0178670544419 0.0444061732694 0.480248936528
2013-03-17 10:39:30 0.0178653353845 0.044393937526 0.47985414483
2013-03-17 10:39:30 0.017863616343 0.044381701563 0.479459353134
2013-03-17 10:39:30 0.0178618973247 0.0443694657021 0.47906456144
2013-03-17 10:39:30 0.0178601783305 0.0443572297116 0.478669769746
2013-03-17 10:39:30 0.0178584593547 0.0443449939584 0.478274978042
2013-03-17 10:39:30 0.0178567404039 0.0443327579751 0.477880186347
2013-03-17 10:39:30 0.017855090233 0.0443210113925 0.477501186324
2013-03-17 10:39:30 0.0178533713273 0.0443087757358 0.477106394613
2013-03-17 10:39:30 0.0178516524457 0.0442965396277 0.476711602923
2013-03-17 10:39:30 0.0178499335887 0.0442843036362 0.476316811224
2013-03-17 10:39:30 0.0178482147533 0.0442720677566 0.475922019521
2013-03-17 10:39:30 0.0178464959353 0.0442598318707 0.475527227821
2013-03-17 10:39:30 0.0178447771406 0.0442475957565 0.475132436131
2013-03-17 10:39:30 0.0178431271221 0.0442358495784 0.474753436086
2013-03-17 10:39:30 0.0178414083753 0.0442236135772 0.474358644384
2013-03-17 10:39:30 0.0178396896545 0.0442113776754 0.473963852679
2013-03-17 10:39:30 0.0178379709489 0.0441991415662 0.473569060991
2013-03-17 10:39:30 0.0178362522717 0.0441869057702 0.473174269276
2013-03-17 10:39:30 0.0178345336122 0.044174669853 0.472779477575
2013-03-17 10:39:30 0.017832814985 0.0441624338328 0.472384685874
2013-03-17 10:39:30 0.0178311651131 0.0441506872077 0.472005685844
2013-03-17 10:39:30 0.0178294465186 0.0441384512959 0.471610894135
2013-03-17 10:39:30 0.0178277279551 0.044126215373 0.471216102432
2013-03-17 10:39:30 0.017826009405 0.0441139794386 0.470821310724
2013-03-17 10:39:30 0.0178242908912 0.0441017436225 0.470426519019
2013-03-17 10:39:30 0.0178225723925 0.0440895075843 0.470031727309
2013-03-17 10:39:30 0.0178208539159 0.0440772715405 0.469636935616
2013-03-17 10:39:30 0.0178192041976 0.0440655250075 0.469257935573
2013-03-17 10:39:30 0.017817485767 0.0440532891725 0.468863143861
2013-03-17 10:39:30 0.0178157673573 0.0440410530055 0.468468352155
2013-03-17 10:39:30 0.0178140489707 0.0440288170713 0.468073560449
2013-03-17 10:39:30 0.0178123306062 0.0440165812397 0.467678768728
2013-03-17 10:39:30 0.0178106122644 0.0440043451734 0.467283977028
2013-03-17 10:39:30 0.0178088939489 0.0439921091041 0.46688918532
2013-03-17 10:39:30 0.0178072443829 0.0439803624383 0.466510185286
2013-03-17 10:39:30 0.0178055261133 0.0439681268034 0.466115393566
2013-03-17 10:39:30 0.0178038078551 0.0439558906252 0.465720601856
2013-03-17 10:39:30 0.0178020896295 0.0439436544433 0.465325810159
2013-03-17 10:39:30 0.017800371423 0.0439314187036 0.464931018432
2013-03-17 10:39:30 0.0177986532422 0.0439191826225 0.464536226728
2013-03-17 10:39:30 0.017796935082 0.0439069464359 0.464141435018
2013-03-17 10:39:30 0.0177952856677 0.0438952000827 0.463762434966
2013-03-17 10:39:30 0.0177935675509 0.04388296387 0.463367643263
2013-03-17 10:39:30 0.0177918494549 0.0438707277715 0.462972851551
2013-03-17 10:39:30 0.0177901313876 0.0438584917802 0.462578059833
2013-03-17 10:39:30 0.0177884133389 0.0438462556971 0.462183268121
2013-03-17 10:39:30 0.0177866953143 0.0438340198078 0.461788476402
2013-03-17 10:39:30 0.0177850460305 0.0438222732192 0.461409476362
2013-03-17 10:39:30 0.017783328046 0.0438100371083 0.461014684643
2013-03-17 10:39:30 0.0177816100928 0.0437978012081 0.460619892922
2013-03-17 10:39:30 0.0177798921552 0.0437855651043 0.460225101208
2013-03-17 10:39:30 0.0177781742417 0.0437733289807 0.459830309498
2013-03-17 10:39:30 0.0177764563482 0.0437610929808 0.459435517779
2013-03-17 10:39:30 0.0177747384803 0.0437488569489 0.459040726062
2013-03-17 10:39:30 0.0177730893504 0.0437371103339 0.458661726007
2013-03-17 10:39:30 0.0177713715251 0.0437248743258 0.458266934297
2013-03-17 10:39:30 0.0177696537288 0.0437126381848 0.457872142575
2013-03-17 10:39:30 0.0177679359486 0.0437004021768 0.457477350864
2013-03-17 10:39:30 0.0177662181934 0.0436881662384 0.457082559134
2013-03-17 10:39:30 0.0177645004609 0.043675930113 0.456687767422
2013-03-17 10:39:30 0.0177627827558 0.0436636939758 0.456292975704
2013-03-17 10:39:30 0.0177611337678 0.043651947343 0.455913975646
2013-03-17 10:39:30 0.0177594161085 0.0436397114184 0.455519183921
2013-03-17 10:39:30 0.0177576984611 0.0436274750327 0.455124392207
2013-03-17 10:39:30 0.0177559808393 0.0436152392128 0.454729600483
2013-03-17 10:39:30 0.0177542632471 0.0436030028254 0.454334808768
2013-03-17 10:39:30 0.0177525456675 0.0435907670117 0.453940017041
2013-03-17 10:39:30 0.0177508281196 0.0435785308383 0.453545225312
2013-03-17 10:39:30 0.0177491792863 0.0435667841767 0.453166225266
2013-03-17 10:39:30 0.0177474617832 0.0435545482363 0.452771433537
2013-03-17 10:39:30 0.017745744298 0.04354231195 0.452376641821
2013-03-17 10:39:30 0.0177440268348 0.043530075889 0.451981850094
2013-03-17 10:39:30 0.0177423093949 0.0435178399281 0.451587058364
2013-03-17 10:39:30 0.0177405919731 0.043505603626 0.451192266648
2013-03-17 10:39:30 0.017738874583 0.043493367667 0.450797474916
2013-03-17 10:39:30 0.0177372259023 0.0434816209903 0.450418474859
2013-03-17 10:39:30 0.0177355085574 0.0434693846988 0.450023683141
2013-03-17 10:39:30 0.0177337912295 0.0434571486144 0.44962889141
2013-03-17 10:39:30 0.0177320739215 0.0434449125249 0.449234099685
2013-03-17 10:39:30 0.0177303566415 0.0434326764244 0.448839307954
2013-03-17 10:39:30 0.017728639381 0.0434204403409 0.448444516233
2013-03-17 10:39:30 0.0177269221432 0.0434082041289 0.4480497245
2013-03-17 10:39:30 0.0177252736194 0.0433964575535 0.44767072444
2013-03-17 10:39:30 0.0177235564273 0.043384221456 0.447275932709
2013-03-17 10:39:30 0.0177218392559 0.0433719852392 0.446881140985
2013-03-17 10:39:30 0.0177201221118 0.0433597491364 0.446486349246
2013-03-17 10:39:30 0.0177184049867 0.0433475129146 0.446091557523
2013-03-17 10:39:30 0.0177166878881 0.0433352766995 0.445696765795
2013-03-17 10:39:30 0.017714970805 0.0433230405685 0.445301974058
2013-03-17 10:39:30 0.0177133224344 0.0433112940773 0.44492297399
2013-03-17 10:39:30 0.0177116053977 0.0432990577451 0.444528182266
2013-03-17 10:39:30 0.0177098883866 0.0432868215022 0.444133390542
2013-03-17 10:39:30 0.0177081714053 0.0432745854897 0.443738598798
2013-03-17 10:39:30 0.0177064544323 0.0432623492321 0.443343807076
2013-03-17 10:39:30 0.017704737491 0.043250112995 0.442949015345
2013-03-17 10:39:30 0.0177030205677 0.043237877079 0.442554223599
2013-03-17 10:39:30 0.0177013723467 0.0432261301249 0.44217522354
2013-03-17 10:39:30 0.0176996554696 0.043213894211 0.441780431802
2013-03-17 10:39:30 0.0176979386127 0.0432016578306 0.441385640068
2013-03-17 10:39:30 0.0176962217872 0.0431894215813 0.440990848335
2013-03-17 10:39:30 0.0176945049742 0.0431771855333 0.440596056597
2013-03-17 10:39:30 0.0176927881895 0.0431649491653 0.440201264867
2013-03-17 10:39:30 0.0176910714257 0.0431527127801 0.439806473131
2013-03-17 10:39:30 0.0176894233563 0.0431409664584 0.439427473054
2013-03-17 10:39:30 0.0176877066351 0.0431287300891 0.439032681325
2013-03-17 10:39:30 0.0176859899397 0.043116493818 0.43863788959
2013-03-17 10:39:30 0.0176842732683 0.0431042577749 0.438243097846
2013-03-17 10:39:30 0.0176825566208 0.043092021492 0.437848306109
2013-03-17 10:39:30 0.0176808399892 0.0430797851914 0.437453514378
2013-03-17 10:39:30 0.0176791233834 0.0430675491234 0.437058722631
2013-03-17 10:39:30 0.0176774754619 0.0430558022439 0.436679722559
2013-03-17 10:39:30 0.0176757589021 0.0430435659496 0.436284930829
2013-03-17 10:39:30 0.0176740423647 0.0430313296547 0.43589013909
2013-03-17 10:39:30 0.0176723258494 0.0430190936788 0.435495347339
2013-03-17 10:39:30 0.0176706093587 0.0430068572663 0.435100555613
2013-03-17 10:39:30 0.0176688928871 0.0429946211834 0.43470576386
2013-03-17 10:39:30 0.0176672450936 0.042982874398 0.434326763787
2013-03-17 10:39:30 0.0176655286727 0.0429706379745 0.433931972054
2013-03-17 10:39:30 0.0176638122644 0.0429584018696 0.433537180308
2013-03-17 10:39:30 0.0176620958879 0.0429461654412 0.433142388567
2013-03-17 10:39:30 0.0176603795264 0.0429339293451 0.432747596825
2013-03-17 10:39:30 0.0176586631923 0.0429216931309 0.432352805071
2013-03-17 10:39:30 0.0176569468815 0.0429094568041 0.43195801334
2013-03-17 10:39:30 0.0176552992452 0.0428977100899 0.431579013261
2013-03-17 10:39:30 0.0176535829763 0.0428854737603 0.431184221525
2013-03-17 10:39:30 0.0176518667282 0.0428732374328 0.430789429773
2013-03-17 10:39:30 0.0176501505066 0.0428610014227 0.430394638025
2013-03-17 10:39:30 0.0176484343054 0.0428487649919 0.42999984628
2013-03-17 10:39:30 0.0176467181287 0.0428365288553 0.429605054537
2013-03-17 10:39:30 0.0176450019736 0.0428242923978 0.429210262793
2013-03-17 10:39:30 0.0176433544857 0.0428125455718 0.428831262715
2013-03-17 10:39:30 0.0176416383776 0.0428003094386 0.428436470963
2013-03-17 10:39:30 0.0176399222897 0.0427880730828 0.428041679217
2013-03-17 10:39:30 0.0176382062244 0.0427758367171 0.427646887472
2013-03-17 10:39:30 0.0176364901815 0.0427636005739 0.427252095719
2013-03-17 10:39:30 0.0176347741612 0.0427513642186 0.426857303971
2013-03-17 10:39:30 0.0176330581665 0.042739127851 0.426462512224
2013-03-17 10:39:30 0.0176314108324 0.0427273811126 0.426083512142
2013-03-17 10:39:30 0.0176296948777 0.0427151447204 0.425688720397
2013-03-17 10:39:30 0.0176279789505 0.0427029083482 0.425293928647
2013-03-17 10:39:30 0.0176262630387 0.042690672191 0.424899136893
2013-03-17 10:39:30 0.0176245471538 0.0426784356985 0.42450434515
2013-03-17 10:39:30 0.0176228312945 0.0426661995415 0.424109553394
2013-03-17 10:39:30 0.0176211154529 0.0426539632491 0.42371476164
2013-03-17 10:39:30 0.0176194682733 0.0426422163794 0.423335761556
2013-03-17 10:39:30 0.0176177524778 0.042629979884 0.422940969817
2013-03-17 10:39:30 0.0176160367067 0.0426177438178 0.422546178049
2013-03-17 10:39:30 0.0176143209555 0.0426055073074 0.42215138631
2013-03-17 10:39:30 0.0176126052321 0.0425932712205 0.421756594545
2013-03-17 10:39:30 0.0176108895257 0.0425810348358 0.421361802793
2013-03-17 10:39:30 0.0176091738426 0.0425687984159 0.420967011039
2013-03-17 10:39:30 0.017607526813 0.0425570516451 0.420588010957
2013-03-17 10:39:30 0.0176058111706 0.0425448152355 0.420193219196
2013-03-17 10:39:30 0.0176040955601 0.0425325788033 0.419798427449
2013-03-17 10:39:30 0.0176023799721 0.0425203426078 0.419403635683
2013-03-17 10:39:30 0.0176006643999 0.0425081060754 0.419008843941
2013-03-17 10:39:30 0.0175989488531 0.0424958697581 0.418614052181
2013-03-17 10:39:30 0.0175972333305 0.0424836334373 0.418219260419
2013-03-17 10:39:30 0.0175955864471 0.0424718866319 0.417840260332
2013-03-17 10:39:30 0.0175938709716 0.042459649972 0.417445468583
2013-03-17 10:39:30 0.0175921555123 0.0424474138653 0.417050676815
2013-03-17 10:39:30 0.0175904400808 0.0424351772008 0.416655885063
2013-03-17 10:39:30 0.0175887246697 0.0424229409867 0.416261093307
2013-03-17 10:39:30 0.0175870092809 0.0424107045242 0.415866301545
2013-03-17 10:39:30 0.0175852939185 0.0423984683034 0.415471509785
2013-03-17 10:39:30 0.0175836471868 0.0423867213758 0.41509250969
2013-03-17 10:39:30 0.0175819318676 0.0423744849205 0.414697717939
2013-03-17 10:39:30 0.0175802165643 0.0423622484582 0.414302926173
2013-03-17 10:39:30 0.0175785012869 0.0423500120912 0.413908134416
2013-03-17 10:39:30 0.0175767860382 0.0423377757377 0.413513342655
2013-03-17 10:39:30 0.0175750708064 0.0423255394955 0.41311855089
2013-03-17 10:39:30 0.0175733556007 0.0423133030379 0.412723759128
2013-03-17 10:39:30 0.0175717090188 0.0423015559851 0.412344759044
2013-03-17 10:39:30 0.0175699938581 0.0422893196065 0.411949967284
2013-03-17 10:39:30 0.0175682787157 0.0422770831307 0.411555175521
2013-03-17 10:39:30 0.0175665635951 0.0422648468688 0.411160383748
2013-03-17 10:39:30 0.0175648485051 0.0422526103833 0.410765591991
2013-03-17 10:39:30 0.0175631334282 0.0422403741133 0.410370800219
2013-03-17 10:39:30 0.017561418378 0.0422281376102 0.409976008462
2013-03-17 10:39:30 0.0175597719537 0.0422163906418 0.409597008367
2013-03-17 10:39:30 0.0175580569484 0.042204154257 0.409202216604
2013-03-17 10:39:30 0.0175563419678 0.0421919176506 0.408807424841
2013-03-17 10:39:30 0.0175546270046 0.0421796814808 0.408412633069
2013-03-17 10:39:30 0.0175529120683 0.0421674448552 0.408017841306
2013-03-17 10:39:30 0.0175511971537 0.0421552085722 0.407623049541
2013-03-17 10:39:30 0.0175495508553 0.0421434615901 0.407244049439
2013-03-17 10:39:30 0.0175478359845 0.042131224846 0.40684925768
2013-03-17 10:39:30 0.0175461211336 0.0421189886679 0.406454465909
2013-03-17 10:39:30 0.0175444063121 0.0421067520124 0.406059674142
2013-03-17 10:39:30 0.0175426915139 0.0420945156151 0.405664882376
2013-03-17 10:39:30 0.0175409767279 0.0420822790785 0.405270090609
2013-03-17 10:39:30 0.0175392619738 0.0420700426747 0.40487529884
2013-03-17 10:39:30 0.0175376158274 0.0420582956628 0.404496298744
2013-03-17 10:39:30 0.0175359011138 0.0420460594376 0.404101506969
2013-03-17 10:39:30 0.0175341864251 0.0420338228161 0.403706715199
2013-03-17 10:39:30 0.0175324717561 0.0420215863798 0.403311923431
2013-03-17 10:39:30 0.0175307571122 0.0420093498401 0.402917131663
2013-03-17 10:39:30 0.0175290424886 0.041997113504 0.402522339886
2013-03-17 10:39:30 0.0175273278964 0.0419848769449 0.402127548118
2013-03-17 10:39:30 0.0175256818962 0.0419731299247 0.401748548016
2013-03-17 10:39:30 0.0175239673432 0.0419608934732 0.401353756241
2013-03-17 10:39:30 0.0175222528098 0.041948657039 0.40095896447
2013-03-17 10:39:30 0.0175205382958 0.0419364204685 0.400564172698
2013-03-17 10:39:30 0.0175188238109 0.0419241841208 0.400169380921
2013-03-17 10:39:30 0.0175171093505 0.0419119475493 0.399774589156
2013-03-17 10:39:30 0.0175153949096 0.0418997110942 0.399379797378
2013-03-17 10:39:30 0.0175137490656 0.0418879639414 0.399000797275
2013-03-17 10:39:30 0.0175120346667 0.0418757274663 0.3986060055
2013-03-17 10:39:30 0.0175103202947 0.0418634909904 0.398211213723
2013-03-17 10:39:30 0.0175086059415 0.0418512542898 0.397816421956
2013-03-17 10:39:30 0.017506891612 0.0418390177146 0.39742163018
2013-03-17 10:39:30 0.0175051773055 0.041826781346 0.397026838396
2013-03-17 10:39:30 0.0175034630244 0.0418145446503 0.396632046632
2013-03-17 10:39:30 0.017501817333 0.0418027976819 0.396253046527
2013-03-17 10:39:30 0.0175001030966 0.0417905613005 0.395858254738
2013-03-17 10:39:30 0.0174983888743 0.0417783248194 0.395463462963
2013-03-17 10:39:30 0.0174966746808 0.0417660882238 0.395068671188
2013-03-17 10:39:30 0.0174949605084 0.041753851732 0.394673879406
2013-03-17 10:39:30 0.017493246359 0.041741615109 0.394279087637
2013-03-17 10:39:30 0.0174915322381 0.0417293786175 0.393884295846
2013-03-17 10:39:30 0.0174898866935 0.0417176314139 0.393505295752
2013-03-17 10:39:30 0.0174881726168 0.0417053949097 0.393110503967
2013-03-17 10:39:30 0.0174864585564 0.0416931584048 0.392715712189
2013-03-17 10:39:30 0.0174847445195 0.0416809218717 0.392320920404
2013-03-17 10:39:30 0.0174830305034 0.041668685364 0.391926128626
2013-03-17 10:39:30 0.0174813165141 0.0416564487291 0.39153133684
2013-03-17 10:39:30 0.0174796025488 0.041644212318 0.391136545067
2013-03-17 10:39:30 0.0174779571578 0.041632464996 0.390757544964
2013-03-17 10:39:30 0.017476243238 0.0416202285564 0.390362753172
2013-03-17 10:39:30 0.0174745293369 0.0416079920329 0.389967961392
2013-03-17 10:39:30 0.0174728154582 0.0415957552756 0.389573169616
2013-03-17 10:39:30 0.017471101599 0.0415835188574 0.389178377823
2013-03-17 10:39:30 0.0174693877665 0.0415712823147 0.388783586042
2013-03-17 10:39:30 0.0174676739549 0.0415590455441 0.388388794266
2013-03-17 10:39:30 0.0174660287176 0.0415472984222 0.388009794149
2013-03-17 10:39:30 0.0174643149563 0.0415350618644 0.387615002371
2013-03-17 10:39:30 0.0174626012138 0.0415228254292 0.387220210577
2013-03-17 10:39:30 0.017460887494 0.0415105887569 0.3868254188
2013-03-17 10:39:30 0.017459173794 0.0414983520959 0.386430627017
2013-03-17 10:39:30 0.0174574601184 0.0414861156448 0.386035835221
2013-03-17 10:39:30 0.0174557464625 0.0414738789818 0.385641043442
2013-03-17 10:39:30 0.0174541013823 0.041462131841 0.385262043327
2013-03-17 10:39:30 0.0174523877723 0.0414498952665 0.384867251536
2013-03-17 10:39:30 0.0174506741864 0.0414376585743 0.384472459759
2013-03-17 10:39:30 0.0174489606235 0.0414254219911 0.384077667968
2013-03-17 10:39:30 0.0174472470834 0.0414131851967 0.383682876189
2013-03-17 10:39:30 0.0174455335707 0.0414009488315 0.383288084389
2013-03-17 10:39:30 0.0174438200697 0.041388712148 0.382893292603
2013-03-17 10:39:30 0.017442175137 0.0413769649739 0.382514292487
2013-03-17 10:39:30 0.0174404616858 0.0413647283737 0.382119500704
2013-03-17 10:39:30 0.0174387482593 0.0413524919025 0.3817247089
2013-03-17 10:39:30 0.0174370348581 0.0413402550801 0.381329917124
2013-03-17 10:39:30 0.0174353214731 0.0413280184868 0.380935125329
2013-03-17 10:39:30 0.0174336081157 0.0413157818648 0.380540333543
2013-03-17 10:39:30 0.0174318947764 0.0413035451553 0.380145541753
2013-03-17 10:39:30 0.0174302499969 0.0412917980832 0.379766541634
2013-03-17 10:39:30 0.0174285366985 0.0412795613559 0.379371749839
2013-03-17 10:39:30 0.0174268234317 0.0412673246441 0.378976958048
2013-03-17 10:39:30 0.0174251101853 0.0412550880063 0.378582166259
2013-03-17 10:39:30 0.0174233969583 0.0412428512891 0.378187374469
2013-03-17 10:39:30 0.0174216837619 0.0412306147896 0.377792582671
2013-03-17 10:39:30 0.0174200391063 0.041218867369 0.377413582557
2013-03-17 10:39:30 0.017418325949 0.0412066309605 0.377018790753
2013-03-17 10:39:30 0.0174166128109 0.0411943939835 0.376623998974
2013-03-17 10:39:30 0.0174148997011 0.0411821574621 0.376229207175
2013-03-17 10:39:30 0.0174131866106 0.0411699208221 0.375834415379
2013-03-17 10:39:30 0.0174114735507 0.0411576840709 0.375439623591
2013-03-17 10:39:30 0.0174097605019 0.041145447323 0.375044831791
2013-03-17 10:39:30 0.0174081160041 0.0411337003097 0.374665831656
2013-03-17 10:39:30 0.0174064030031 0.0411214635508 0.374271039874
2013-03-17 10:39:30 0.0174046900244 0.0411092269053 0.373876248075
2013-03-17 10:39:30 0.0174029770716 0.0410969902499 0.373481456279
2013-03-17 10:39:30 0.0174012641368 0.0410847534799 0.373086664485
2013-03-17 10:39:30 0.0173995512309 0.0410725169143 0.372691872686
2013-03-17 10:39:30 0.0173978383422 0.0410602801406 0.372297080891
2013-03-17 10:39:30 0.0173961939984 0.0410485326816 0.37191808077
2013-03-17 10:39:30 0.0173944811556 0.041036296123 0.371523288968
2013-03-17 10:39:30 0.0173927683357 0.0410240593465 0.371128497172
2013-03-17 10:39:30 0.0173910555406 0.041011822657 0.370733705377
2013-03-17 10:39:30 0.0173893427605 0.0409995859824 0.370338913572
2013-03-17 10:39:30 0.0173876300115 0.0409873492976 0.369944121776
2013-03-17 10:39:30 0.017385917285 0.0409751122838 0.369549329985
2013-03-17 10:39:30 0.017384273087 0.0409633651355 0.369170329857
2013-03-17 10:39:30 0.0173825604012 0.0409511286688 0.368775538048
2013-03-17 10:39:30 0.0173808477421 0.0409388918604 0.368380746248
2013-03-17 10:39:30 0.0173791351029 0.0409266550555 0.367985954456
2013-03-17 10:39:30 0.0173774224873 0.0409144184691 0.367591162645
2013-03-17 10:39:30 0.0173757098931 0.0409021816575 0.36719637085
2013-03-17 10:39:30 0.0173739973233 0.0408899449455 0.366801579046
2013-03-17 10:39:30 0.0173723532766 0.04087819755 0.366422578922
2013-03-17 10:39:30 0.0173706407524 0.0408659607344 0.366027787114
2013-03-17 10:39:30 0.017368928245 0.0408537241303 0.365632995314
2013-03-17 10:39:30 0.0173672157631 0.0408414873034 0.365238203512
2013-03-17 10:39:30 0.0173655033096 0.0408292507888 0.364843411705
2013-03-17 10:39:30 0.0173637908693 0.0408170138424 0.364448619905
2013-03-17 10:39:30 0.0173620784543 0.0408047770154 0.364053828109
2013-03-17 10:39:30 0.0173604345611 0.0407930298203 0.363674827969
2013-03-17 10:39:30 0.0173587221953 0.04078079299 0.363280036166
2013-03-17 10:39:30 0.0173570098519 0.0407685561324 0.362885244363
2013-03-17 10:39:30 0.0173552975255 0.0407563195001 0.362490452554
2013-03-17 10:39:30 0.0173535852279 0.040744082769 0.362095660745
2013-03-17 10:39:30 0.0173518729441 0.0407318459083 0.361700868948
2013-03-17 10:39:30 0.0173501606968 0.0407196090562 0.361306077144
2013-03-17 10:39:30 0.017348516953 0.0407078618339 0.360927077011
2013-03-17 10:39:30 0.0173468047381 0.0406956252971 0.360532285193
2013-03-17 10:39:30 0.0173450925536 0.0406833883348 0.360137493394
2013-03-17 10:39:30 0.0173433803837 0.0406711514755 0.359742701587
2013-03-17 10:39:30 0.0173416682453 0.0406589147086 0.359347909776
2013-03-17 10:39:30 0.0173399561242 0.0406466777201 0.35895311797
2013-03-17 10:39:30 0.0173382440295 0.0406344408472 0.358558326163
2013-03-17 10:39:30 0.0173366004358 0.0406226936135 0.358179326027
2013-03-17 10:39:30 0.0173348883842 0.0406104568413 0.357784534214
2013-03-17 10:39:30 0.017333176355 0.0405982198413 0.357389742412
2013-03-17 10:39:30 0.0173314643462 0.0405859831586 0.3569949506
2013-03-17 10:39:30 0.017329752362 0.040573746268 0.356600158792
2013-03-17 10:39:30 0.0173280403988 0.0405615094868 0.356205366984
2013-03-17 10:39:30 0.0173263284587 0.0405492728098 0.35581057517
2013-03-17 10:39:30 0.0173246850146 0.0405375253428 0.355431575032
2013-03-17 10:39:30 0.0173229731288 0.040525288431 0.355036783228
2013-03-17 10:39:30 0.017321261252 0.0405130517444 0.354641991406
2013-03-17 10:39:30 0.0173195494009 0.0405008147239 0.354247199608
2013-03-17 10:39:30 0.0173178375753 0.0404885781408 0.35385240778
2013-03-17 10:39:30 0.0173161257682 0.0404763412223 0.353457615977
2013-03-17 10:39:30 0.0173144139889 0.0404641041878 0.353062824165
2013-03-17 10:39:30 0.0173127706978 0.0404523570308 0.352683824026
2013-03-17 10:39:30 0.0173110589649 0.040440120108 0.352289032213
2013-03-17 10:39:30 0.0173093472456 0.0404278831845 0.351894240402
