2013-01-10 13:22:44 0.381168942324 5.0789869542 7.33326129986
2013-01-10 13:22:44 0.381169677397 5.07845321118 7.33244052731
2013-01-10 13:22:44 0.381170167372 5.0780973825 7.33189334556
2013-01-10 13:22:44 0.381170902221 5.07756363953 7.33107257299
2013-01-10 13:22:44 0.381171392047 5.07720781067 7.33052539134
2013-01-10 13:22:44 0.381172126669 5.07667406772 7.32970461868
2013-01-10 13:22:44 0.381172616346 5.07631823907 7.32915743703
2013-01-10 13:22:44 0.381173350752 5.07578449599 7.32833666447
2013-01-10 13:22:44 0.381173840277 5.07542866732 7.32778948272
2013-01-10 13:22:44 0.381174574455 5.07489492415 7.32696871024
2013-01-10 13:22:44 0.381175063833 5.07453909557 7.3264215284
2013-01-10 13:22:44 0.381175797793 5.07400535254 7.32560075593
2013-01-10 13:22:44 0.38117628702 5.07364952388 7.32505357418
2013-01-10 13:22:44 0.381177020754 5.0731157808 7.32423280162
2013-01-10 13:22:44 0.381177509832 5.07275995208 7.32368561987
2013-01-10 13:22:44 0.381178243344 5.07222620899 7.32286484731
2013-01-10 13:22:44 0.381178732277 5.07187038046 7.32231766547
2013-01-10 13:22:44 0.381179465563 5.07133663729 7.32149689309
2013-01-10 13:22:44 0.381179954346 5.07098080854 7.32094971144
2013-01-10 13:22:44 0.381180443069 5.07062497985 7.32040252961
2013-01-10 13:22:44 0.381181176043 5.07009123683 7.31958175713
2013-01-10 13:22:44 0.381181664617 5.06973540815 7.31903457539
2013-01-10 13:22:44 0.381182397366 5.06920166512 7.31821380282
2013-01-10 13:22:44 0.381182885793 5.06884583644 7.31766662098
2013-01-10 13:22:44 0.381183618323 5.06831209337 7.3168458485
2013-01-10 13:22:44 0.381184106599 5.06795626465 7.31629866675
2013-01-10 13:22:44 0.381184838902 5.06742252162 7.31547789419
2013-01-10 13:22:44 0.381185327029 5.06706669293 7.31493071235
2013-01-10 13:22:44 0.381186059111 5.06653294987 7.31410993997
2013-01-10 13:22:44 0.381186547091 5.0661771211 7.31356275831
2013-01-10 13:22:44 0.381187278947 5.06564337816 7.31274198556
2013-01-10 13:22:44 0.381187766779 5.06528754949 7.31219480391
2013-01-10 13:22:44 0.381188498412 5.0647538064 7.31137403134
2013-01-10 13:22:44 0.381188986094 5.06439797767 7.3108268496
2013-01-10 13:22:44 0.381189717505 5.06386423469 7.31000607703
2013-01-10 13:22:44 0.381190205039 5.06350840588 7.30945889537
2013-01-10 13:22:44 0.381190936223 5.06297466293 7.30863812272
2013-01-10 13:22:44 0.38119142361 5.06261883422 7.30809094105
2013-01-10 13:22:44 0.381192154576 5.06208509114 7.30727016849
2013-01-10 13:22:44 0.381192641811 5.06172926243 7.30672298683
2013-01-10 13:22:44 0.381193372554 5.06119551943 7.30590221417
2013-01-10 13:22:44 0.381193859636 5.06083969066 7.30535503243
2013-01-10 13:22:44 0.381194590157 5.06030594767 7.30453425985
2013-01-10 13:22:44 0.381195077093 5.05995011895 7.30398707821
2013-01-10 13:22:44 0.381195807383 5.05941637596 7.30316630554
2013-01-10 13:22:44 0.381196294174 5.05906054725 7.30261912389
2013-01-10 13:22:44 0.381197024247 5.05852680415 7.30179835132
2013-01-10 13:22:44 0.381197510886 5.05817097543 7.30125116957
2013-01-10 13:22:44 0.381198240733 5.05763723244 7.30043039701
2013-01-10 13:22:44 0.381198727229 5.05728140367 7.29988321535
2013-01-10 13:22:44 0.381199456849 5.05674766073 7.29906244269
2013-01-10 13:22:44 0.381199943191 5.05639183191 7.29851526103
2013-01-10 13:22:44 0.381200672595 5.05585808896 7.29769448827
2013-01-10 13:22:44 0.381201158789 5.05550226029 7.29714730662
2013-01-10 13:22:44 0.381201644918 5.05514643152 7.29660012497
2013-01-10 13:22:44 0.38120237401 5.05461268843 7.29577935239
2013-01-10 13:22:44 0.381202859996 5.05425685972 7.29523217075
2013-01-10 13:22:44 0.38120358886 5.05372311668 7.29441139818
2013-01-10 13:22:44 0.381204074697 5.053367288 7.29386421643
2013-01-10 13:22:44 0.381204803341 5.052833545 7.29304344377
2013-01-10 13:22:44 0.381205289028 5.05247771628 7.29249626211
2013-01-10 13:22:44 0.381206017448 5.05194397319 7.29167548954
2013-01-10 13:22:44 0.381206502983 5.05158814448 7.2911283079
2013-01-10 13:22:44 0.381207231178 5.05105440141 7.29030753523
2013-01-10 13:22:44 0.38120771657 5.05069857275 7.28976035348
2013-01-10 13:22:44 0.38120844454 5.05016482966 7.288939581
2013-01-10 13:22:44 0.381208929781 5.049809001 7.28839239934
2013-01-10 13:22:44 0.381209657533 5.04927525798 7.28757162658
2013-01-10 13:22:44 0.381210142624 5.04891942927 7.28702444493
2013-01-10 13:22:44 0.381210870152 5.04838568617 7.28620367226
2013-01-10 13:22:44 0.381211355091 5.0480298575 7.28565649061
2013-01-10 13:22:44 0.381212082395 5.0474961144 7.28483571804
2013-01-10 13:22:44 0.381212567188 5.04714028572 7.2842885363
2013-01-10 13:22:44 0.381213294268 5.04660654268 7.28346776372
2013-01-10 13:22:44 0.381213778911 5.04625071402 7.28292058207
2013-01-10 13:22:44 0.38121450577 5.04571697092 7.28209980949
2013-01-10 13:22:44 0.381214990269 5.04536114221 7.28155262784
2013-01-10 13:22:44 0.3812157169 5.0448273992 7.28073185518
2013-01-10 13:22:44 0.381216201249 5.04447157042 7.28018467343
2013-01-10 13:22:44 0.381216927658 5.04393782738 7.27936390086
2013-01-10 13:22:44 0.381217411857 5.04358199866 7.2788167192
2013-01-10 13:22:44 0.381218138042 5.04304825567 7.27799594653
2013-01-10 13:22:44 0.381218622092 5.04269242699 7.27744876488
2013-01-10 13:22:44 0.381219348056 5.04215868394 7.27662799222
2013-01-10 13:22:44 0.381219831958 5.04180285516 7.27608081056
2013-01-10 13:22:44 0.381220557696 5.04126911208 7.27526003807
2013-01-10 13:22:44 0.381221041453 5.04091328348 7.27471285615
2013-01-10 13:22:44 0.381221766965 5.04037954041 7.27389208376
2013-01-10 13:22:44 0.381222250569 5.04002371169 7.27334490201
2013-01-10 13:22:44 0.381222734115 5.039667883 7.27279772027
2013-01-10 13:22:44 0.38122345932 5.03913413994 7.2719769476
2013-01-10 13:22:44 0.381223942714 5.03877831118 7.27142976604
2013-01-10 13:22:44 0.381224667695 5.03824456812 7.27060899338
2013-01-10 13:22:44 0.38122515094 5.03788873941 7.27006181172
2013-01-10 13:22:44 0.3812258757 5.03735499631 7.26924103915
2013-01-10 13:22:44 0.381226358795 5.03699916773 7.26869385739
2013-01-10 13:22:44 0.381227083329 5.03646542468 7.26787308482
2013-01-10 13:22:44 0.381227566277 5.03610959596 7.26732590306
2013-01-10 13:22:44 0.381228290588 5.03557585282 7.26650513058
2013-01-10 13:22:44 0.381228773391 5.03522002414 7.26595794884
2013-01-10 13:22:44 0.381229497477 5.03468628108 7.26513717617
2013-01-10 13:22:44 0.381229980129 5.0343304524 7.26458999442
2013-01-10 13:22:44 0.381230703993 5.03379670927 7.26376922203
2013-01-10 13:22:44 0.381231186494 5.03344088062 7.2632220402
2013-01-10 13:22:44 0.381231910137 5.03290713758 7.26240126762
2013-01-10 13:22:44 0.381232392488 5.03255130886 7.26185408587
2013-01-10 13:22:44 0.381233115906 5.03201756575 7.2610333133
2013-01-10 13:22:44 0.381233598114 5.03166173707 7.26048613164
2013-01-10 13:22:44 0.381234321305 5.03112799398 7.25966535907
2013-01-10 13:22:44 0.381234803361 5.03077216526 7.2591181774
2013-01-10 13:22:44 0.381235526334 5.03023842225 7.25829740473
2013-01-10 13:22:44 0.381236008238 5.02988259352 7.25775022308
2013-01-10 13:22:44 0.381236730989 5.02934885043 7.25692945051
2013-01-10 13:22:44 0.381237212747 5.02899302179 7.25638226876
2013-01-10 13:22:44 0.381237935269 5.02845927873 7.25556149609
2013-01-10 13:22:44 0.381238416882 5.02810344996 7.25501431443
2013-01-10 13:22:44 0.381239139184 5.02756970686 7.25419354186
2013-01-10 13:22:44 0.38123962064 5.02721387828 7.25364636011
2013-01-10 13:22:44 0.381240342719 5.02668013523 7.25282558753
2013-01-10 13:22:44 0.381240824033 5.02632430645 7.25227840588
2013-01-10 13:22:44 0.381241545888 5.0257905634 7.25145763321
2013-01-10 13:22:44 0.381242027052 5.02543473467 7.25091045156
2013-01-10 13:22:44 0.381242748679 5.02490099161 7.25008967889
2013-01-10 13:22:44 0.381243229699 5.02454516298 7.24954249714
2013-01-10 13:22:44 0.38124371065 5.02418933425 7.24899531548
2013-01-10 13:22:44 0.38124443197 5.02365559111 7.24817454299
2013-01-10 13:22:44 0.381244912771 5.02329976243 7.24762736124
2013-01-10 13:22:44 0.381245633868 5.02276601938 7.24680658866
2013-01-10 13:22:44 0.381246114524 5.02241019066 7.24625940701
2013-01-10 13:22:44 0.381246835398 5.0218764476 7.24543863434
2013-01-10 13:22:44 0.381247315904 5.02152061886 7.24489145269
2013-01-10 13:22:44 0.381248036557 5.02098687581 7.24407068002
2013-01-10 13:22:44 0.381248516916 5.02063104713 7.24352349836
2013-01-10 13:22:44 0.381249237341 5.02009730412 7.24270272568
2013-01-10 13:22:44 0.381249717553 5.01974147543 7.24215554395
2013-01-10 13:22:44 0.381250437753 5.01920773229 7.24133477146
2013-01-10 13:22:44 0.381250917815 5.01885190356 7.2407875898
2013-01-10 13:22:44 0.381251637794 5.01831816055 7.23996681704
2013-01-10 13:22:44 0.381252117709 5.01796233186 7.23941963538
2013-01-10 13:22:44 0.381252837468 5.01742858877 7.2385988628
2013-01-10 13:22:44 0.381253317231 5.01707276007 7.23805168105
2013-01-10 13:22:44 0.381254036762 5.01653901702 7.23723090847
2013-01-10 13:22:44 0.381254516377 5.01618318823 7.2366837268
2013-01-10 13:22:44 0.381255235685 5.01564944516 7.23586295414
2013-01-10 13:22:44 0.381255715152 5.01529361649 7.23531577249
2013-01-10 13:22:44 0.381256434241 5.01475987335 7.234495
2013-01-10 13:22:44 0.381256913558 5.0144040447 7.23394781825
2013-01-10 13:22:44 0.381257632415 5.0138703017 7.23312704557
2013-01-10 13:22:44 0.381258111588 5.01351447287 7.23257986392
2013-01-10 13:22:44 0.381258830228 5.01298072985 7.23175909125
2013-01-10 13:22:44 0.381259309246 5.01262490118 7.23121190959
2013-01-10 13:22:44 0.381260027667 5.01209115811 7.23039113692
2013-01-10 13:22:44 0.381260506531 5.01173532933 7.22984395526
2013-01-10 13:22:44 0.381261224728 5.01120158623 7.22902318268
2013-01-10 13:22:44 0.381261703445 5.01084575764 7.22847600093
2013-01-10 13:22:44 0.381262421417 5.01031201458 7.22765522835
2013-01-10 13:22:44 0.381262899991 5.00995618581 7.22710804669
2013-01-10 13:22:44 0.381263378502 5.00960035701 7.22656086495
2013-01-10 13:22:44 0.381264096167 5.009066614 7.22574009237
2013-01-10 13:22:44 0.381264574527 5.00871078533 7.22519291071
2013-01-10 13:22:44 0.381265291959 5.00817704236 7.22437213794
2013-01-10 13:22:44 0.381265770181 5.00782121353 7.22382495629
2013-01-10 13:22:44 0.381266487389 5.00728747044 7.2230041838
2013-01-10 13:22:44 0.381266965452 5.00693164168 7.22245700205
2013-01-10 13:22:44 0.381267682445 5.00639789868 7.22163622947
2013-01-10 13:22:44 0.381268160363 5.00604206989 7.22108904781
2013-01-10 13:22:44 0.381268877122 5.00550832693 7.22026827505
2013-01-10 13:22:44 0.381269354894 5.00515249819 7.21972109338
2013-01-10 13:22:44 0.381270071434 5.00461875514 7.2189003208
2013-01-10 13:22:44 0.381270549056 5.0042629263 7.21835313914
2013-01-10 13:22:44 0.381271265374 5.00372918329 7.21753236647
2013-01-10 13:22:44 0.381271742846 5.0033733546 7.21698518472
2013-01-10 13:22:44 0.381272458939 5.00283961151 7.21616441233
2013-01-10 13:22:44 0.381272936263 5.00248378276 7.21561723057
2013-01-10 13:22:44 0.381273652135 5.00195003975 7.2147964579
2013-01-10 13:22:44 0.381274129308 5.00159421111 7.21424927615
2013-01-10 13:22:44 0.381274844959 5.00106046796 7.21342850366
2013-01-10 13:22:44 0.381275321979 5.00070463926 7.21288132182
2013-01-10 13:22:44 0.381276037409 5.00017089621 7.21206054933
2013-01-10 13:22:44 0.381276514285 4.99981506742 7.21151336767
2013-01-10 13:22:44 0.381277229483 4.99928132436 7.210692595
2013-01-10 13:22:44 0.381277706215 4.99892549572 7.21014541324
2013-01-10 13:22:44 0.38127842119 4.99839175262 7.20932464074
2013-01-10 13:22:44 0.381278897767 4.99803592392 7.208777459
2013-01-10 13:22:44 0.381279612526 4.99750218076 7.20795668642
2013-01-10 13:22:44 0.381280088958 4.99714635208 7.20740950466
2013-01-10 13:22:44 0.381280803489 4.99661260901 7.20658873209
2013-01-10 13:22:44 0.381281279767 4.99625678033 7.20604155043
2013-01-10 13:22:44 0.381281994078 4.99572303726 7.20522077776
2013-01-10 13:22:44 0.381282470207 4.99536720853 7.20467359609
2013-01-10 13:22:44 0.381283184288 4.99483346541 7.20385282351
2013-01-10 13:22:44 0.381283660279 4.99447763672 7.20330564176
2013-01-10 13:22:44 0.381284136198 4.99412180797 7.20275846001
2013-01-10 13:22:44 0.381284849973 4.99358806492 7.20193768743
2013-01-10 13:22:44 0.381285325747 4.99323223621 7.20139050558
2013-01-10 13:22:44 0.381286039297 4.99269849312 7.20056973319
2013-01-10 13:22:44 0.381286514922 4.99234266444 7.20002255152
2013-01-10 13:22:44 0.381287228251 4.99180892137 7.19920177885
2013-01-10 13:22:44 0.381287703726 4.99145309258 7.19865459718
2013-01-10 13:22:44 0.381288416826 4.99091934956 7.1978338245
2013-01-10 13:22:44 0.381288892154 4.99056352077 7.19728664285
2013-01-10 13:22:44 0.381289605037 4.99002977776 7.19646587028
2013-01-10 13:22:44 0.38129008022 4.98967394902 7.19591868851
2013-01-10 13:22:44 0.381290792871 4.98914020604 7.19509791584
2013-01-10 13:22:44 0.381291267908 4.98878437726 7.19455073418
2013-01-10 13:22:44 0.381291980336 4.98825063419 7.1937299616
2013-01-10 13:22:44 0.38129245522 4.98789480536 7.19318277994
2013-01-10 13:22:44 0.38129316743 4.98736106233 7.19236200726
2013-01-10 13:22:44 0.381293642158 4.98700523364 7.1918148255
2013-01-10 13:22:44 0.381294354149 4.98647149058 7.19099405302
2013-01-10 13:22:44 0.381294828732 4.98611566185 7.19044687136
2013-01-10 13:22:44 0.381295540496 4.98558191881 7.18962609858
2013-01-10 13:22:44 0.381296014926 4.98522609004 7.18907891692
2013-01-10 13:22:44 0.381296726471 4.984692347 7.18825814425
2013-01-10 13:22:44 0.381297200756 4.98433651827 7.18771096258
2013-01-10 13:22:44 0.381297912074 4.98380277516 7.1868901901
2013-01-10 13:22:44 0.381298386216 4.98344694636 7.18634300834
2013-01-10 13:22:44 0.381299097309 4.98291320334 7.18552223576
2013-01-10 13:22:44 0.381299571295 4.98255737469 7.184975054
2013-01-10 13:22:44 0.381300282166 4.98202363166 7.18415428133
2013-01-10 13:22:44 0.381300756006 4.98166780282 7.18360709966
2013-01-10 13:22:44 0.381301466653 4.98113405976 7.18278632709
2013-01-10 13:22:44 0.381301940343 4.98077823102 7.18223914533
2013-01-10 13:22:44 0.381302650764 4.98024448796 7.18141837284
2013-01-10 13:22:44 0.38130312431 4.97988865931 7.18087119108
2013-01-10 13:22:44 0.381303834509 4.9793549162 7.18005041849
2013-01-10 13:22:44 0.381304307902 4.97899908745 7.17950323674
2013-01-10 13:22:44 0.381304781239 4.9786432587 7.17895605508
2013-01-10 13:22:44 0.381305491128 4.97810951563 7.1781352824
2013-01-10 13:22:44 0.381305964307 4.97775368689 7.17758810074
2013-01-10 13:22:44 0.381306673973 4.97721994381 7.17676732807
2013-01-10 13:22:44 0.38130714701 4.97686411517 7.17622014631
2013-01-10 13:22:44 0.381307856452 4.97633037206 7.17539937382
2013-01-10 13:22:44 0.38130832934 4.97597454327 7.17485219216
2013-01-10 13:22:44 0.381309038557 4.97544080018 7.17403141948
2013-01-10 13:22:44 0.381309511294 4.9750849715 7.17348423782
2013-01-10 13:22:44 0.381310220287 4.97455122842 7.17266346514
2013-01-10 13:22:44 0.38131069288 4.97419539978 7.17211628339
2013-01-10 13:22:44 0.381311401654 4.97366165656 7.1712955109
2013-01-10 13:22:44 0.381311874094 4.97330582792 7.17074832913
2013-01-10 13:22:44 0.381312582644 4.97277208494 7.16992755645
2013-01-10 13:22:44 0.381313054932 4.97241625615 7.1693803748
2013-01-10 13:22:44 0.38131376326 4.97188251303 7.1685596022
2013-01-10 13:22:44 0.381314235406 4.97152668424 7.16801242055
2013-01-10 13:22:44 0.381314943506 4.97099294111 7.16719164796
2013-01-10 13:22:44 0.3813154155 4.97063711256 7.16664446612
2013-01-10 13:22:44 0.381316123377 4.97010336949 7.16582369353
2013-01-10 13:22:44 0.381316595225 4.96974754064 7.16527651187
2013-01-10 13:22:44 0.381317302879 4.96921379757 7.16445573928
2013-01-10 13:22:44 0.381317774574 4.96885796887 7.16390855752
2013-01-10 13:22:44 0.381318482009 4.96832422576 7.16308778504
2013-01-10 13:22:44 0.381318953556 4.9679683971 7.16254060319
2013-01-10 13:22:44 0.381319660765 4.96743465391 7.16171983087
2013-01-10 13:22:44 0.381320132165 4.96707882524 7.16117264893
2013-01-10 13:22:44 0.381320839154 4.96654508219 7.16035187643
2013-01-10 13:22:44 0.381321310398 4.96618925347 7.15980469459
2013-01-10 13:22:44 0.381322017163 4.96565551041 7.15898392209
2013-01-10 13:22:44 0.381322488261 4.96529968164 7.15843674025
2013-01-10 13:22:44 0.381323194801 4.9647659385 7.15761596784
2013-01-10 13:22:44 0.381323665755 4.96441010987 7.1570687859
2013-01-10 13:22:44 0.381324372065 4.96387636667 7.1562480135
2013-01-10 13:22:44 0.381324842876 4.96352053796 7.15570083175
2013-01-10 13:22:44 0.381325313612 4.96316470931 7.1551536499
2013-01-10 13:22:44 0.38132601962 4.96263096622 7.15433287732
2013-01-10 13:22:44 0.381326490217 4.96227513753 7.15378569556
2013-01-10 13:22:44 0.381327195992 4.96174139436 7.15296492307
2013-01-10 13:22:44 0.381327666441 4.96138556572 7.15241774131
2013-01-10 13:22:44 0.381328371999 4.96085182263 7.15159696863
2013-01-10 13:22:44 0.381328842294 4.96049599389 7.15104978696
2013-01-10 13:22:44 0.381329547629 4.95996225074 7.15022901455
2013-01-10 13:22:44 0.381330017779 4.95960642201 7.14968183261
2013-01-10 13:22:44 0.381330722888 4.95907267885 7.1488610602
2013-01-10 13:22:44 0.381331192888 4.95871685021 7.14831387846
2013-01-10 13:22:44 0.38133189778 4.95818310716 7.14749310568
2013-01-10 13:22:44 0.381332367629 4.95782727841 7.14694592402
2013-01-10 13:22:44 0.381333072291 4.95729353521 7.14612515161
2013-01-10 13:22:44 0.381333541992 4.95693770659 7.14557796976
2013-01-10 13:22:44 0.381334246435 4.95640396352 7.14475719718
2013-01-10 13:22:44 0.381334715985 4.95604813481 7.14421001543
2013-01-10 13:22:44 0.381335420205 4.95551439165 7.14338924293
2013-01-10 13:22:44 0.381335889609 4.95515856294 7.14284206117
2013-01-10 13:22:44 0.381336593597 4.95462481986 7.14202128849
2013-01-10 13:22:44 0.381337062856 4.95426899121 7.14147410672
2013-01-10 13:22:44 0.381337766629 4.95373524804 7.14065333423
2013-01-10 13:22:44 0.381338235739 4.95337941932 7.14010615238
2013-01-10 13:22:44 0.381338939283 4.95284567617 7.13928537998
2013-01-10 13:22:44 0.381339408241 4.95248984746 7.13873819822
2013-01-10 13:22:44 0.38134011156 4.95195610438 7.13791742554
2013-01-10 13:22:44 0.381340580373 4.95160027571 7.13737024379
2013-01-10 13:22:44 0.381341283476 4.95106653251 7.13654947138
2013-01-10 13:22:44 0.381341752135 4.95071070388 7.13600228944
2013-01-10 13:22:44 0.381342455011 4.95017696077 7.13518151694
2013-01-10 13:22:44 0.381342923525 4.949821132 7.13463433518
2013-01-10 13:22:44 0.381343626177 4.94928738893 7.13381356259
2013-01-10 13:22:44 0.381344094543 4.94893156022 7.13326638084
2013-01-10 13:22:44 0.381344562839 4.94857573151 7.13271919918
2013-01-10 13:22:44 0.381345265181 4.94804198843 7.13189842648
2013-01-10 13:22:44 0.381345733341 4.94768615969 7.13135124481
2013-01-10 13:22:44 0.381346435456 4.94715241651 7.13053047232
2013-01-10 13:22:44 0.381346903464 4.94679658786 7.12998329047
2013-01-10 13:22:44 0.381347605359 4.94626284477 7.12916251788
2013-01-10 13:22:44 0.381348073215 4.94590701602 7.12861533612
2013-01-10 13:22:44 0.38134877489 4.94537327289 7.12779456363
2013-01-10 13:22:44 0.381349242595 4.94501744423 7.12724738187
2013-01-10 13:22:44 0.381349944044 4.94448370111 7.12642660928
2013-01-10 13:22:44 0.381350411601 4.94412787239 7.12587942753
2013-01-10 13:22:44 0.381351112826 4.94359412923 7.12505865502
2013-01-10 13:22:44 0.381351580234 4.9432383005 7.12451147318
2013-01-10 13:22:44 0.381352281236 4.94270455739 7.12369070067
2013-01-10 13:22:44 0.3813527485 4.94234872878 7.12314351892
2013-01-10 13:22:44 0.381353449278 4.94181498569 7.12232274623
2013-01-10 13:22:44 0.381353916391 4.94145915693 7.12177556447
2013-01-10 13:22:44 0.381354616947 4.94092541372 7.12095479206
2013-01-10 13:22:44 0.381355083912 4.94056958505 7.12040761021
2013-01-10 13:22:44 0.381355784247 4.94003584197 7.11958683762
2013-01-10 13:22:44 0.381356251059 4.93968001322 7.11903965595
2013-01-10 13:22:44 0.38135695117 4.93914627018 7.11821888327
2013-01-10 13:22:44 0.381357417831 4.93879044146 7.11767170152
2013-01-10 13:22:44 0.381358117718 4.93825669834 7.11685092892
2013-01-10 13:22:44 0.381358584239 4.93790086964 7.11630374726
2013-01-10 13:22:44 0.381359283899 4.93736712646 7.11548297466
2013-01-10 13:22:44 0.381359750266 4.93701129779 7.11493579281
2013-01-10 13:22:44 0.381360449707 4.93647755461 7.11411502042
2013-01-10 13:22:44 0.381360915924 4.93612172592 7.11356783874
2013-01-10 13:22:44 0.381361615143 4.93558798286 7.11274706597
2013-01-10 13:22:44 0.381362081216 4.93523215413 7.11219988429
2013-01-10 13:22:44 0.381362780204 4.93469841099 7.1113791117
2013-01-10 13:22:44 0.381363246123 4.93434258228 7.11083192994
2013-01-10 13:22:44 0.381363944897 4.9338088391 7.11001115744
2013-01-10 13:22:44 0.381364410668 4.93345301035 7.10946397568
2013-01-10 13:22:44 0.381364876379 4.93309718173 7.10891679383
2013-01-10 13:22:44 0.38136557484 4.93256343865 7.10809602133
2013-01-10 13:22:44 0.381366040403 4.93220760989 7.10754883957
2013-01-10 13:22:44 0.381366738638 4.93167386676 7.10672806698
2013-01-10 13:22:44 0.38136720405 4.93131803803 7.10618088513
2013-01-10 13:22:44 0.381367902063 4.93078429491 7.10536011263
2013-01-10 13:22:44 0.381368367329 4.93042846625 7.10481293087
2013-01-10 13:22:44 0.381369065117 4.92989472317 7.10399215828
2013-01-10 13:22:44 0.381369530233 4.92953889434 7.10344497652
2013-01-10 13:22:44 0.381370227797 4.92900515123 7.10262420412
2013-01-10 13:22:44 0.38137069277 4.92864932256 7.10207702225
2013-01-10 13:22:44 0.38137139011 4.92811557944 7.10125624975
2013-01-10 13:22:44 0.381371854929 4.92775975062 7.10070906799
2013-01-10 13:22:44 0.381372552046 4.92722600754 7.09988829539
2013-01-10 13:22:44 0.38137301672 4.92687017887 7.09934111354
2013-01-10 13:22:44 0.381373713612 4.92633643575 7.09852034115
2013-01-10 13:22:44 0.381374178132 4.92598060702 7.09797315929
2013-01-10 13:22:44 0.381374874803 4.92544686394 7.09715238669
2013-01-10 13:22:44 0.381375339177 4.92509103527 7.09660520484
2013-01-10 13:22:44 0.38137603563 4.92455729205 7.09578443244
2013-01-10 13:22:44 0.38137649985 4.92420146334 7.09523725077
2013-01-10 13:22:44 0.38137719608 4.92366772024 7.09441647808
2013-01-10 13:22:44 0.381377660151 4.92331189149 7.09386929632
2013-01-10 13:22:44 0.381378356153 4.92277814844 7.09304852373
2013-01-10 13:22:44 0.381378820081 4.92242231965 7.09250134205
2013-01-10 13:22:44 0.381379515862 4.92188857659 7.09168056936
2013-01-10 13:22:44 0.381379979639 4.92153274776 7.09113338778
2013-01-10 13:22:44 0.381380675195 4.92099900465 7.09031261511
2013-01-10 13:22:44 0.38138113882 4.92064317604 7.08976543335
2013-01-10 13:22:44 0.381381834151 4.92010943295 7.08894466075
2013-01-10 13:22:44 0.381382297634 4.91975360415 7.08839747908
2013-01-10 13:22:44 0.381382992741 4.91921986105 7.08757670639
2013-01-10 13:22:44 0.381383456075 4.91886403235 7.08702952473
2013-01-10 13:22:44 0.381384150958 4.9183302892 7.08620875213
2013-01-10 13:22:44 0.38138461414 4.91797446055 7.08566157037
2013-01-10 13:22:44 0.381385077266 4.91761863172 7.08511438862
2013-01-10 13:22:44 0.381385771838 4.9170848886 7.08429361611
2013-01-10 13:22:44 0.381386234807 4.91672905992 7.08374643426
2013-01-10 13:22:44 0.381386929161 4.91619531683 7.08292566176
2013-01-10 13:22:44 0.381387391985 4.91583948797 7.08237847998
2013-01-10 13:22:44 0.38138808611 4.91530574498 7.0815577073
2013-01-10 13:22:44 0.381388548789 4.91494991626 7.08101052553
2013-01-10 13:22:44 0.381389242692 4.91441617312 7.08018975303
2013-01-10 13:22:44 0.381389705219 4.91406034437 7.07964257136
2013-01-10 13:22:44 0.381390398898 4.91352660122 7.07882179877
2013-01-10 13:22:44 0.381390861281 4.91317077245 7.078274617
2013-01-10 13:22:44 0.381391554737 4.91263702941 7.07745384441
2013-01-10 13:22:44 0.381392016963 4.9122812007 7.07690666265
2013-01-10 13:22:44 0.381392710199 4.91174745761 7.07608589005
2013-01-10 13:22:44 0.381393172275 4.9113916288 7.07553870838
2013-01-10 13:22:44 0.381393865287 4.91085788574 7.0747179357
2013-01-10 13:22:44 0.38139432722 4.91050205698 7.07417075394
2013-01-10 13:22:44 0.381395020008 4.90996831384 7.07334998144
2013-01-10 13:22:44 0.381395481789 4.90961248503 7.07280279976
2013-01-10 13:22:44 0.381396174354 4.90907874208 7.07198202698
2013-01-10 13:22:44 0.381396635987 4.90872291332 7.07143484531
2013-01-10 13:22:44 0.38139732833 4.90818917027 7.07061407262
2013-01-10 13:22:44 0.381397789814 4.90783334141 7.07006689095
2013-01-10 13:22:44 0.381398481929 4.90729959831 7.06924611835
2013-01-10 13:22:44 0.381398943267 4.9069437696 7.06869893659
2013-01-10 13:22:44 0.381399635161 4.90641002655 7.06787816399
2013-01-10 13:22:44 0.38140009635 4.9060541977 7.06733098233
2013-01-10 13:22:44 0.381400788022 4.90552045465 7.06651020973
2013-01-10 13:22:44 0.381401249057 4.90516462584 7.06596302806
2013-01-10 13:22:44 0.381401940507 4.90463088278 7.06514225538
2013-01-10 13:22:44 0.381402401396 4.90427505407 7.06459507361
2013-01-10 13:22:44 0.381403092618 4.90374131098 7.06377430101
2013-01-10 13:22:44 0.381403553362 4.90338548211 7.06322711934
2013-01-10 13:22:44 0.381404244359 4.90285173912 7.06240634665
2013-01-10 13:22:44 0.381404704954 4.9024959104 7.06185916498
2013-01-10 13:22:44 0.381405165487 4.90214008159 7.0613119833
2013-01-10 13:22:44 0.381405856176 4.90160633849 7.06049121061
2013-01-10 13:22:44 0.381406316564 4.90125050972 7.05994402894
2013-01-10 13:22:44 0.381407007025 4.90071676662 7.05912325626
2013-01-10 13:22:44 0.381407467258 4.90036093796 7.05857607449
2013-01-10 13:22:44 0.381408157498 4.89982719476 7.05775530199
2013-01-10 13:22:44 0.381408617585 4.899471366 7.05720812032
2013-01-10 13:22:44 0.381409307605 4.89893762299 7.05638734754
2013-01-10 13:22:44 0.381409767542 4.89858179424 7.05584016586
2013-01-10 13:22:44 0.381410457338 4.89804805108 7.05501939327
2013-01-10 13:22:44 0.381410917128 4.89769222232 7.0544722116
2013-01-10 13:22:44 0.381411606701 4.89715847922 7.053651439
2013-01-10 13:22:44 0.38141206634 4.89680265052 7.05310425722
2013-01-10 13:22:44 0.381412755689 4.89626890745 7.05228348453
2013-01-10 13:22:44 0.381413215177 4.89591307859 7.05173630287
2013-01-10 13:22:44 0.381413904301 4.89537933544 7.05091553036
2013-01-10 13:22:44 0.381414363645 4.89502350679 7.05036834859
2013-01-10 13:22:44 0.381415052548 4.89448976363 7.049547576
2013-01-10 13:22:44 0.381415511739 4.89413393494 7.04900039414
2013-01-10 13:22:44 0.381416200418 4.89360019167 7.04817962173
2013-01-10 13:22:44 0.381416659467 4.89324436309 7.04763243987
2013-01-10 13:22:44 0.381417347925 4.89271062004 7.04681166727
2013-01-10 13:22:44 0.381417806818 4.89235479127 7.04626448551
2013-01-10 13:22:44 0.38141849505 4.89182104816 7.04544371291
2013-01-10 13:22:44 0.381418953792 4.89146521935 7.04489653115
2013-01-10 13:22:44 0.381419641805 4.8909314762 7.04407575865
2013-01-10 13:22:44 0.381420100401 4.89057564753 7.04352857687
2013-01-10 13:22:44 0.381420788189 4.89004190439 7.04270780427
2013-01-10 13:22:44 0.381421246636 4.88968607557 7.0421606226
2013-01-10 13:22:44 0.381421934199 4.88915233256 7.04133984991
2013-01-10 13:22:44 0.381422392501 4.88879650375 7.04079266823
2013-01-10 13:22:44 0.38142307984 4.88826276065 7.03997189564
2013-01-10 13:22:44 0.381423537993 4.88790693187 7.03942471387
2013-01-10 13:22:44 0.381423996082 4.88755110321 7.03887753211
2013-01-10 13:22:44 0.381424683113 4.88701736 7.03805675961
2013-01-10 13:22:44 0.381425141051 4.88666153133 7.03750957775
2013-01-10 13:22:44 0.381425827856 4.88612778813 7.03668880523
2013-01-10 13:22:44 0.381426285651 4.88577195942 7.03614162348
2013-01-10 13:22:44 0.381426972229 4.88523821631 7.03532085087
2013-01-10 13:22:44 0.381427429875 4.8848823876 7.0347736692
2013-01-10 13:22:44 0.381428116235 4.88434864447 7.03395289642
2013-01-10 13:22:44 0.381428573734 4.88399281577 7.03340571474
2013-01-10 13:22:44 0.381429259863 4.88345907257 7.03258494223
2013-01-10 13:22:44 0.381429717215 4.88310324384 7.03203776047
2013-01-10 13:22:44 0.381430403117 4.88256950079 7.03121698777
2013-01-10 13:22:44 0.38143086032 4.88221367193 7.03066980619
2013-01-10 13:22:44 0.381431546007 4.88167992886 7.02984903341
2013-01-10 13:22:44 0.381432003056 4.8813241002 7.02930185173
2013-01-10 13:22:44 0.38143268852 4.880790357 7.02848107923
2013-01-10 13:22:44 0.381433145419 4.88043452826 7.02793389746
2013-01-10 13:22:44 0.381433830662 4.87990078515 7.02711312476
2013-01-10 13:22:44 0.381434287416 4.87954495633 7.0265659431
2013-01-10 13:22:44 0.381434972435 4.87901121323 7.02574517049
2013-01-10 13:22:44 0.381435429037 4.87865538452 7.02519798882
2013-01-10 13:22:44 0.381436113834 4.8781216414 7.02437721613
2013-01-10 13:22:44 0.381436570288 4.87776581267 7.02383003436
2013-01-10 13:22:44 0.381437254858 4.87723206952 7.02300926175
2013-01-10 13:22:44 0.381437711164 4.87687624076 7.02246208008
2013-01-10 13:22:44 0.381438395509 4.87634249769 7.02164130739
2013-01-10 13:22:44 0.381438851668 4.87598666887 7.02109412572
2013-01-10 13:22:44 0.38143953579 4.87545292581 7.02027335302
2013-01-10 13:22:44 0.381439991801 4.87509709709 7.01972617135
2013-01-10 13:22:44 0.381440675702 4.87456335393 7.01890539875
2013-01-10 13:22:44 0.381441131561 4.87420752526 7.01835821698
2013-01-10 13:22:44 0.38144181524 4.87367378205 7.01753744438
2013-01-10 13:22:44 0.381442270947 4.87331795328 7.01699026271
2013-01-10 13:22:44 0.381442954406 4.87278421021 7.01616949001
2013-01-10 13:22:44 0.381443409964 4.87242838145 7.01562230834
2013-01-10 13:22:44 0.381443865466 4.87207255268 7.01507512667
2013-01-10 13:22:44 0.381444548611 4.87153880962 7.01425435396
2013-01-10 13:22:44 0.381445003963 4.87118298086 7.01370717229
2013-01-10 13:22:44 0.381445686882 4.8706492377 7.01288639968
2013-01-10 13:22:44 0.381446142087 4.87029340891 7.01233921792
2013-01-10 13:22:44 0.381446824785 4.8697596658 7.01151844522
2013-01-10 13:22:44 0.381447279836 4.86940383714 7.01097126355
2013-01-10 13:22:44 0.38144796231 4.86887009403 7.01015049095
2013-01-10 13:22:44 0.381448417216 4.86851426521 7.00960330928
2013-01-10 13:22:44 0.381449099465 4.86798052213 7.00878253649
2013-01-10 13:22:44 0.381449554224 4.86762469337 7.00823535481
2013-01-10 13:22:44 0.381450236252 4.86709095016 7.0074145823
2013-01-10 13:22:44 0.381450690857 4.86673512153 7.00686740044
2013-01-10 13:22:44 0.381451372659 4.86620137833 7.00604662793
2013-01-10 13:22:44 0.38145182712 4.86584554955 7.00549944625
2013-01-10 13:22:44 0.381452508698 4.86531180652 7.00467867348
2013-01-10 13:22:44 0.381452963008 4.86495597781 7.00413149179
2013-01-10 13:22:44 0.381453644365 4.86442223462 7.00331071927
2013-01-10 13:22:44 0.381454098527 4.86406640582 7.00276353752
2013-01-10 13:22:44 0.38145477966 4.86353266271 7.00194276482
2013-01-10 13:22:44 0.381455233672 4.86317683399 7.00139558314
2013-01-10 13:22:44 0.381455914586 4.86264309092 7.00057481044
2013-01-10 13:22:44 0.381456368446 4.86228726215 7.00002762878
2013-01-10 13:22:44 0.381457049134 4.86175351899 6.99920685617
2013-01-10 13:22:44 0.381457502851 4.86139769026 6.9986596744
2013-01-10 13:22:44 0.381458183313 4.86086394706 6.99783890188
2013-01-10 13:22:44 0.381458636882 4.86050811833 6.99729172012
2013-01-10 13:22:44 0.381459317123 4.85997437517 6.99647094752
2013-01-10 13:22:44 0.381459770537 4.85961854649 6.99592376575
2013-01-10 13:22:44 0.381460450555 4.85908480337 6.99510299315
2013-01-10 13:22:44 0.381460903824 4.85872897466 6.99455581136
2013-01-10 13:22:44 0.381461583615 4.85819523145 6.99373503885
2013-01-10 13:22:44 0.381462036739 4.8578394027 6.993187857
2013-01-10 13:22:44 0.381462716305 4.85730565954 6.99236708449
2013-01-10 13:22:44 0.381463169281 4.85694983087 6.99181990272
2013-01-10 13:22:44 0.381463622195 4.85659400203 6.99127272095
2013-01-10 13:22:44 0.38146430145 4.85606025889 6.99045194844
2013-01-10 13:22:44 0.381464754215 4.85570443015 6.98990476667
2013-01-10 13:22:44 0.381465433245 4.85517068714 6.98908399397
2013-01-10 13:22:44 0.38146588586 4.85481485834 6.98853681221
2013-01-10 13:22:44 0.381466564673 4.8542811151 6.98771603978
2013-01-10 13:22:44 0.381467017137 4.85392528641 6.98716885793
2013-01-10 13:22:44 0.381467695724 4.8533915433 6.98634808532
2013-01-10 13:22:44 0.381468148042 4.85303571462 6.98580090355
2013-01-10 13:22:44 0.381468826405 4.85250197146 6.98498013104
2013-01-10 13:22:44 0.381469278577 4.85214614264 6.98443294926
2013-01-10 13:22:44 0.381469956716 4.85161239956 6.98361217656
2013-01-10 13:22:44 0.381470408738 4.85125657075 6.98306499498
2013-01-10 13:22:44 0.381471086656 4.85072282768 6.98224422228
2013-01-10 13:22:44 0.381471538524 4.85036699894 6.98169704052
2013-01-10 13:22:44 0.381472216217 4.84983325573 6.980876268
2013-01-10 13:22:44 0.381472667941 4.84947742691 6.98032908633
2013-01-10 13:22:44 0.381473345408 4.84894368393 6.97950831353
2013-01-10 13:22:44 0.381473796982 4.8485878551 6.97896113187
2013-01-10 13:22:44 0.381474474227 4.84805411199 6.97814035925
2013-01-10 13:22:44 0.381474925656 4.84769828331 6.97759317749
2013-01-10 13:22:44 0.381475602681 4.84716454013 6.97677240488
2013-01-10 13:22:44 0.381476053953 4.84680871137 6.9762252232
2013-01-10 13:22:44 0.381476730756 4.84627496817 6.97540445051
2013-01-10 13:22:44 0.381477181881 4.84591913945 6.97485726882
2013-01-10 13:22:44 0.381477858463 4.84538539633 6.97403649621
2013-01-10 13:22:44 0.381478309438 4.84502956766 6.97348931444
2013-01-10 13:22:44 0.381478985791 4.84449582449 6.97266854183
2013-01-10 13:22:44 0.381479436622 4.84413999566 6.97212136016
2013-01-10 13:22:44 0.381480112751 4.84360625258 6.97130058737
2013-01-10 13:22:44 0.381480563431 4.84325042382 6.97075340578
2013-01-10 13:22:44 0.381481239339 4.84271668074 6.96993263308
2013-01-10 13:22:44 0.381481689871 4.84236085191 6.96938545141
2013-01-10 13:22:44 0.381482365555 4.84182710874 6.96856467881
2013-01-10 13:22:44 0.381482815937 4.84147128006 6.96801749703
2013-01-10 13:22:44 0.381483266261 4.84111545128 6.96747031536
2013-01-10 13:22:44 0.381483941633 4.84058170815 6.96664954266
2013-01-10 13:22:44 0.381484391808 4.84022587936 6.96610236089
2013-01-10 13:22:44 0.381485066955 4.83969213621 6.96528158837
2013-01-10 13:22:44 0.381485516977 4.83933630748 6.96473440669
2013-01-10 13:22:44 0.381486191904 4.83880256451 6.96391363389
2013-01-10 13:22:44 0.381486641782 4.83844673562 6.96336645222
2013-01-10 13:22:44 0.381487316484 4.83791299246 6.9625456797
2013-01-10 13:22:44 0.381487766209 4.83755716368 6.96199849793
2013-01-10 13:22:44 0.381488440689 4.83702342059 6.96117772523
2013-01-10 13:22:44 0.38148889027 4.83666759177 6.96063054356
2013-01-10 13:22:44 0.381489564528 4.83613384868 6.95980977085
2013-01-10 13:22:44 0.381490013955 4.83577801991 6.95926258918
2013-01-10 13:22:44 0.381490687988 4.83524427684 6.95844181657
2013-01-10 13:22:44 0.381491137269 4.83488844797 6.95789463489
2013-01-10 13:22:44 0.381491811077 4.83435470488 6.9570738622
2013-01-10 13:22:44 0.381492260211 4.83399887615 6.95652668042
2013-01-10 13:22:44 0.381492933795 4.83346513298 6.9557059079
2013-01-10 13:22:44 0.381493382779 4.83310930422 6.95515872622
2013-01-10 13:22:44 0.381494056142 4.83257556118 6.95433795342
2013-01-10 13:22:44 0.381494504977 4.8322197323 6.95379077175
2013-01-10 13:22:44 0.381495178116 4.83168598922 6.95296999913
2013-01-10 13:22:44 0.381495626803 4.83133016049 6.95242281737
2013-01-10 13:22:44 0.38149629972 4.83079641736 6.95160204476
2013-01-10 13:22:44 0.381496748255 4.83044058848 6.95105486309
2013-01-10 13:22:44 0.381497420947 4.8299068454 6.95023409038
2013-01-10 13:22:44 0.381497869337 4.82955101667 6.9496869087
2013-01-10 13:22:44 0.381498541804 4.82901727364 6.948866136
2013-01-10 13:22:44 0.381498990046 4.8286614448 6.94831895424
2013-01-10 13:22:44 0.381499662294 4.82812770163 6.94749818172
2013-01-10 13:22:44 0.381500110384 4.82777187281 6.94695100003
2013-01-10 13:22:44 0.381500782408 4.82723812969 6.94613022743
2013-01-10 13:22:44 0.381501230345 4.82688230095 6.94558304564
2013-01-10 13:22:44 0.381501678226 4.82652647217 6.94503586397
2013-01-10 13:22:44 0.381502349937 4.82599272904 6.94421509127
2013-01-10 13:22:44 0.381502797671 4.82563690026 6.94366790959
2013-01-10 13:22:44 0.381503469157 4.82510315718 6.94284713688
2013-01-10 13:22:44 0.381503916743 4.8247473284 6.94229995521
2013-01-10 13:22:44 0.38150458801 4.82421358526 6.9414791825
2013-01-10 13:22:44 0.381505035442 4.82385775657 6.94093200073
2013-01-10 13:22:44 0.381505706485 4.82332401335 6.94011122822
2013-01-10 13:22:44 0.381506153768 4.82296818453 6.93956404654
2013-01-10 13:22:44 0.381506824584 4.82243444143 6.93874327384
2013-01-10 13:22:44 0.381507271728 4.8220786127 6.93819609206
2013-01-10 13:22:44 0.381507942317 4.82154486953 6.93737531954
2013-01-10 13:22:44 0.381508389307 4.82118904084 6.93682813768
2013-01-10 13:22:44 0.381509059677 4.82065529761 6.93600736516
2013-01-10 13:22:44 0.381509506519 4.82029946894 6.93546018338
2013-01-10 13:22:44 0.38151017667 4.81976572575 6.93463941077
2013-01-10 13:22:44 0.381510623357 4.81940989702 6.934092229
2013-01-10 13:22:44 0.381511293283 4.81887615385 6.93327145648
2013-01-10 13:22:44 0.381511739825 4.81852032506 6.93272427471
2013-01-10 13:22:44 0.381512409526 4.81798658188 6.93190350209
2013-01-10 13:22:44 0.38151285592 4.81763075321 6.93135632042
2013-01-10 13:22:44 0.381513525397 4.81709701012 6.93053554771
2013-01-10 13:22:44 0.381513971641 4.81674118122 6.92998836604
2013-01-10 13:22:44 0.3815146409 4.81620743814 6.92916759334
2013-01-10 13:22:44 0.381515086995 4.81585160931 6.92862041165
2013-01-10 13:22:44 0.381515756022 4.81531786623 6.92779963904
2013-01-10 13:22:44 0.381516201968 4.81496203749 6.92725245727
2013-01-10 13:22:44 0.381516870779 4.81442829437 6.92643168466
2013-01-10 13:22:44 0.381517316575 4.81407246558 6.92588450287
2013-01-10 13:22:44 0.381517985163 4.81353872245 6.92506373026
2013-01-10 13:22:44 0.381518430807 4.81318289357 6.92451654858
2013-01-10 13:22:44 0.381519099174 4.81264915052 6.92369577588
2013-01-10 13:22:44 0.381519544674 4.81229332171 6.92314859411
2013-01-10 13:22:44 0.381520212811 4.8117595786 6.92232782159
2013-01-10 13:22:44 0.381520658161 4.81140374981 6.9217806399
2013-01-10 13:22:44 0.381521103453 4.81104792108 6.92123345814
2013-01-10 13:22:44 0.381521771282 4.81051417789 6.92041268553
2013-01-10 13:22:44 0.381522216421 4.81015834911 6.91986550384
2013-01-10 13:22:44 0.381522884025 4.80962460601 6.91904473105
2013-01-10 13:22:44 0.381523329023 4.80926877723 6.91849754937
2013-01-10 13:22:44 0.381523996403 4.80873503409 6.91767677676
2013-01-10 13:22:44 0.381524441245 4.80837920531 6.91712959507
2013-01-10 13:22:44 0.3815251084 4.80784546222 6.91630882237
2013-01-10 13:22:44 0.3815255531 4.80748963343 6.91576164059
2013-01-10 13:22:44 0.38152622003 4.80695589025 6.91494086797
2013-01-10 13:22:44 0.38152666458 4.80660006147 6.91439368629
2013-01-10 13:22:44 0.381527331292 4.80606631833 6.91357291359
2013-01-10 13:22:44 0.38152777569 4.80571048965 6.9130257319
2013-01-10 13:22:44 0.381528442176 4.80517674646 6.91220495929
2013-01-10 13:22:44 0.381528886424 4.80482091771 6.91165777753
2013-01-10 13:22:44 0.381529552689 4.80428717449 6.910837005
2013-01-10 13:22:44 0.381529996785 4.8039313457 6.91028982332
2013-01-10 13:22:44 0.381530662828 4.80339760266 6.90946905052
2013-01-10 13:22:44 0.381531106781 4.80304177386 6.90892186884
2013-01-10 13:22:44 0.381531772593 4.80250803074 6.90810109623
2013-01-10 13:22:44 0.3815322164 4.80215220195 6.90755391445
2013-01-10 13:22:44 0.381532881993 4.80161845881 6.90673314184
2013-01-10 13:22:44 0.381533325645 4.80126263002 6.90618596015
2013-01-10 13:22:44 0.381533991017 4.80072888688 6.90536518744
2013-01-10 13:22:44 0.381534434523 4.8003730581 6.90481800576
2013-01-10 13:22:44 0.381535099672 4.79983931495 6.90399723306
2013-01-10 13:22:44 0.381535543028 4.79948348621 6.90345005128
2013-01-10 13:22:44 0.381536207954 4.79894974303 6.90262927876
2013-01-10 13:22:44 0.381536651159 4.79859391434 6.90208209699
2013-01-10 13:22:44 0.381537315859 4.7980601712 6.90126132427
2013-01-10 13:22:44 0.38153775892 4.79770434236 6.9007141426
2013-01-10 13:22:44 0.381538423398 4.79717059917 6.89989336999
