2018-04-15 06:50:21 0.285893297992 7.65487123463 8.27161112094
2018-04-15 06:50:21 0.285893120444 7.65389353154 8.27070210373
2018-04-15 06:50:21 0.285893002225 7.65324172946 8.27009609214
2018-04-15 06:50:21 0.285892825106 7.65226402637 8.26918707503
2018-04-15 06:50:21 0.285892707167 7.65161222439 8.26858106349
2018-04-15 06:50:21 0.285892530473 7.6506345213 8.26767204628
2018-04-15 06:50:21 0.285892412822 7.64998271922 8.26706603473
2018-04-15 06:50:21 0.285892236556 7.64900501613 8.26615701746
2018-04-15 06:50:21 0.285892119177 7.6483532141 8.26555100602
2018-04-15 06:50:21 0.285891943334 7.64737551101 8.26464198876
2018-04-15 06:50:21 0.285891826248 7.64672370902 8.26403597721
2018-04-15 06:50:21 0.285891650827 7.64574600588 8.26312695999
2018-04-15 06:50:21 0.285891534025 7.64509420381 8.26252094856
2018-04-15 06:50:21 0.28589135903 7.64411650076 8.2616119313
2018-04-15 06:50:21 0.285891242508 7.64346469873 8.26100591981
2018-04-15 06:50:21 0.285891067939 7.64248699558 8.2600969025
2018-04-15 06:50:21 0.285890951704 7.64183519356 8.259490891
2018-04-15 06:50:21 0.285890777552 7.64085749052 8.25858187379
2018-04-15 06:50:21 0.285890661595 7.64020568844 8.2579758623
2018-04-15 06:50:21 0.285890545756 7.63955388636 8.2573698508
2018-04-15 06:50:21 0.285890372205 7.63857618331 8.25646083354
2018-04-15 06:50:21 0.285890256643 7.63792438134 8.25585482216
2018-04-15 06:50:21 0.285890083518 7.63694667819 8.25494580484
2018-04-15 06:50:21 0.285889968244 7.63629487615 8.25433979324
2018-04-15 06:50:21 0.285889795538 7.63531717306 8.25343077607
2018-04-15 06:50:21 0.285889680547 7.63466537097 8.25282476448
2018-04-15 06:50:21 0.28588950827 7.63368766789 8.25191574732
2018-04-15 06:50:21 0.285889393559 7.63303586586 8.25130973578
2018-04-15 06:50:21 0.285889221708 7.63205816281 8.25040071856
2018-04-15 06:50:21 0.285889107282 7.63140636068 8.24979470707
2018-04-15 06:50:21 0.285888935858 7.63042865763 8.24888568981
2018-04-15 06:50:21 0.285888821712 7.62977685556 8.24827967837
2018-04-15 06:50:21 0.285888650709 7.62879915251 8.24737066106
2018-04-15 06:50:21 0.285888536848 7.62814735047 8.24676464956
2018-04-15 06:50:21 0.285888366267 7.62716964737 8.2458556323
2018-04-15 06:50:21 0.285888252691 7.6265178453 8.2452496208
2018-04-15 06:50:21 0.285888082535 7.62554014221 8.24434060364
2018-04-15 06:50:21 0.285887969239 7.62488834012 8.2437345921
2018-04-15 06:50:21 0.28588779951 7.62391063703 8.24282557484
2018-04-15 06:50:21 0.2858876865 7.62325883504 8.24221956334
2018-04-15 06:50:21 0.285887517197 7.62228113199 8.24131054606
2018-04-15 06:50:21 0.285887404464 7.62162932987 8.24070453462
2018-04-15 06:50:21 0.285887235587 7.62065162677 8.23979551731
2018-04-15 06:50:21 0.285887123147 7.61999982478 8.23918950582
2018-04-15 06:50:21 0.285886954686 7.61902212164 8.23828048865
2018-04-15 06:50:21 0.28588684253 7.61837031961 8.23767447711
2018-04-15 06:50:21 0.285886674493 7.61739261652 8.2367654599
2018-04-15 06:50:21 0.285886562615 7.61674081448 8.23615944836
2018-04-15 06:50:21 0.285886395011 7.61576311138 8.23525043114
2018-04-15 06:50:21 0.285886283415 7.6151113093 8.23464441965
2018-04-15 06:50:21 0.285886116232 7.61413360625 8.23373540239
2018-04-15 06:50:21 0.285886004918 7.61348180422 8.23312939089
2018-04-15 06:50:21 0.285885838163 7.61250410107 8.23222037368
2018-04-15 06:50:21 0.285885727136 7.61185229908 8.23161436214
2018-04-15 06:50:21 0.285885616218 7.61120049706 8.2310083507
2018-04-15 06:50:21 0.285885450052 7.61022279395 8.23009933344
2018-04-15 06:50:21 0.285885339423 7.60957099187 8.22949332184
2018-04-15 06:50:21 0.285885173682 7.60859328882 8.22858430461
2018-04-15 06:50:21 0.285885063338 7.60794148674 8.22797829312
2018-04-15 06:50:21 0.285884898023 7.60696378364 8.22706927591
2018-04-15 06:50:21 0.285884787956 7.60631198161 8.22646326437
2018-04-15 06:50:21 0.28588462307 7.60533427855 8.22555424705
2018-04-15 06:50:21 0.285884513287 7.60468247647 8.22494823561
2018-04-15 06:50:21 0.285884348825 7.60370477338 8.22403921839
2018-04-15 06:50:21 0.285884239322 7.6030529713 8.22343320695
2018-04-15 06:50:21 0.285884075282 7.60207526825 8.22252418964
2018-04-15 06:50:21 0.285883966064 7.60142346617 8.22191817814
2018-04-15 06:50:21 0.285883802451 7.60044576312 8.22100916092
2018-04-15 06:50:21 0.285883693516 7.59979396098 8.22040314938
2018-04-15 06:50:21 0.285883530328 7.59881625793 8.21949413217
2018-04-15 06:50:21 0.285883421673 7.5981644559 8.21888812063
2018-04-15 06:50:21 0.285883258907 7.5971867528 8.21797910346
2018-04-15 06:50:21 0.285883150548 7.59653495072 8.21737309197
2018-04-15 06:50:21 0.285882988203 7.59555724766 8.21646407464
2018-04-15 06:50:21 0.285882880117 7.59490544563 8.21585806315
2018-04-15 06:50:21 0.285882718202 7.59392774248 8.21494904588
2018-04-15 06:50:21 0.2858826104 7.5932759404 8.21434303444
2018-04-15 06:50:21 0.28588244891 7.59229823735 8.21343401718
2018-04-15 06:50:21 0.285882341389 7.59164643531 8.21282800569
2018-04-15 06:50:21 0.285882180323 7.59066873222 8.21191898846
2018-04-15 06:50:21 0.285882073087 7.59001693018 8.21131297692
2018-04-15 06:50:21 0.285881912446 7.58903922708 8.21040395971
2018-04-15 06:50:21 0.285881805495 7.58838742499 8.20979794822
2018-04-15 06:50:21 0.285881645277 7.58740972194 8.20888893095
2018-04-15 06:50:21 0.285881538606 7.5867579199 8.2082829194
2018-04-15 06:50:21 0.285881378816 7.58578021681 8.20737390219
2018-04-15 06:50:21 0.285881272432 7.58512841467 8.20676789065
2018-04-15 06:50:21 0.28588111306 7.58415071167 8.20585887343
2018-04-15 06:50:21 0.285881006958 7.58349890959 8.20525286199
2018-04-15 06:50:21 0.285880900971 7.58284710754 8.20464685035
2018-04-15 06:50:21 0.285880742195 7.58186940445 8.20373783322
2018-04-15 06:50:21 0.285880636487 7.58121760241 8.20313182167
2018-04-15 06:50:21 0.285880478139 7.5802398993 8.20222280441
2018-04-15 06:50:21 0.285880372715 7.57958809722 8.20161679291
2018-04-15 06:50:21 0.285880214792 7.57861039411 8.20070777565
2018-04-15 06:50:21 0.285880109651 7.57795859214 8.2001017642
2018-04-15 06:50:21 0.285879952153 7.57698088904 8.19919274694
2018-04-15 06:50:21 0.28587984729 7.57632908695 8.19858673539
2018-04-15 06:50:21 0.285879690217 7.57535138385 8.19767771818
2018-04-15 06:50:21 0.285879585647 7.57469958182 8.19707170674
2018-04-15 06:50:21 0.28587942899 7.57372187871 8.19616268947
2018-04-15 06:50:21 0.285879324704 7.57307007667 8.19555667793
2018-04-15 06:50:21 0.285879168479 7.57209237357 8.19464766071
2018-04-15 06:50:21 0.285879064471 7.57144057148 8.19404164916
2018-04-15 06:50:21 0.285878908669 7.57046286848 8.19313263195
2018-04-15 06:50:21 0.285878804948 7.5698110663 8.19252662046
2018-04-15 06:50:21 0.285878649569 7.56883336324 8.19161760318
2018-04-15 06:50:21 0.285878546127 7.5681815612 8.19101159169
2018-04-15 06:50:21 0.285878391178 7.5672038581 8.19010257446
2018-04-15 06:50:21 0.28587828802 7.56655205601 8.18949656297
2018-04-15 06:50:21 0.285878133492 7.56557435295 8.18858754571
2018-04-15 06:50:21 0.285878030614 7.56492255087 8.18798153422
2018-04-15 06:50:21 0.285877876511 7.56394484777 8.187072517
2018-04-15 06:50:21 0.285877773921 7.56329304572 8.18646650546
2018-04-15 06:50:21 0.285877620246 7.56231534267 8.18555748824
2018-04-15 06:50:21 0.285877517934 7.56166354059 8.18495147674
2018-04-15 06:50:21 0.285877364683 7.56068583744 8.18404245948
2018-04-15 06:50:21 0.285877262654 7.56003403545 8.18343644799
2018-04-15 06:50:21 0.285877109829 7.55905633234 8.18252743072
2018-04-15 06:50:21 0.285877008086 7.5584045303 8.18192141917
2018-04-15 06:50:21 0.28587685568 7.5574268272 8.18101240195
2018-04-15 06:50:21 0.285876754221 7.55677502516 8.18040639041
2018-04-15 06:50:21 0.285876652872 7.55612322307 8.17980037892
2018-04-15 06:50:21 0.285876501065 7.55514551997 8.17889136174
2018-04-15 06:50:21 0.285876400004 7.55449371793 8.17828535019
2018-04-15 06:50:21 0.285876248619 7.55351601483 8.17737633292
2018-04-15 06:50:21 0.285876147833 7.55286421279 8.17677032143
2018-04-15 06:50:21 0.285875996876 7.55188650968 8.17586130416
2018-04-15 06:50:21 0.285875896379 7.55123470765 8.17525529272
2018-04-15 06:50:21 0.285875745847 7.55025700454 8.1743462754
2018-04-15 06:50:21 0.285875645625 7.5496052025 8.17374026391
2018-04-15 06:50:21 0.285875495523 7.5486274994 8.17283124674
2018-04-15 06:50:21 0.285875395589 7.54797569731 8.1722252352
2018-04-15 06:50:21 0.285875245905 7.5469979942 8.17131621798
2018-04-15 06:50:21 0.285875146254 7.54634619226 8.17071020644
2018-04-15 06:50:21 0.285874996996 7.54536848911 8.16980118922
2018-04-15 06:50:21 0.285874897626 7.54471668702 8.16919517772
2018-04-15 06:50:21 0.285874748793 7.54373898391 8.16828616041
2018-04-15 06:50:21 0.285874649713 7.54308718192 8.16768014896
2018-04-15 06:50:21 0.285874501302 7.54210947876 8.16677113168
2018-04-15 06:50:21 0.285874402499 7.54145767673 8.16616512024
2018-04-15 06:50:21 0.285874254513 7.54047997367 8.16525610297
2018-04-15 06:50:21 0.285874155998 7.53982817153 8.16465009147
2018-04-15 06:50:21 0.285874008434 7.53885046847 8.16374107421
2018-04-15 06:50:21 0.285873910202 7.53819866639 8.16313506272
2018-04-15 06:50:21 0.285873763068 7.53722096333 8.16222604545
2018-04-15 06:50:21 0.285873665117 7.53656916119 8.16162003396
2018-04-15 06:50:21 0.285873518406 7.53559145814 8.16071101673
2018-04-15 06:50:21 0.285873420738 7.53493965609 8.16010500519
2018-04-15 06:50:21 0.285873274451 7.53396195304 8.15919598802
2018-04-15 06:50:21 0.285873177067 7.53331015085 8.15858997643
2018-04-15 06:50:21 0.285873031204 7.53233244784 8.15768095921
2018-04-15 06:50:21 0.285872934103 7.5316806458 8.15707494767
2018-04-15 06:50:21 0.285872788662 7.53070294264 8.1561659304
2018-04-15 06:50:21 0.285872691847 7.53005114061 8.15555991895
2018-04-15 06:50:21 0.285872546834 7.5290734375 8.15465090168
2018-04-15 06:50:21 0.285872450295 7.52842163545 8.15404489013
2018-04-15 06:50:21 0.285872353876 7.52776983336 8.15343887863
2018-04-15 06:50:21 0.285872209455 7.52679213031 8.15252986141
2018-04-15 06:50:21 0.285872113317 7.52614032822 8.15192384997
2018-04-15 06:50:21 0.285871969325 7.52516262515 8.15101483265
2018-04-15 06:50:21 0.285871873474 7.52451082307 8.15040882121
2018-04-15 06:50:21 0.285871729902 7.52353311995 8.14949980389
2018-04-15 06:50:21 0.285871634329 7.52288131792 8.14889379244
2018-04-15 06:50:21 0.285871491184 7.52190361481 8.14798477517
2018-04-15 06:50:21 0.285871395893 7.52125181277 8.14737876362
2018-04-15 06:50:21 0.285871253174 7.52027410966 8.14646974646
2018-04-15 06:50:21 0.285871158165 7.51962230757 8.14586373491
2018-04-15 06:50:21 0.285871015876 7.51864460451 8.1449547177
2018-04-15 06:50:21 0.285870921146 7.51799280246 8.1443487062
2018-04-15 06:50:21 0.28587077928 7.51701509935 8.14343968888
2018-04-15 06:50:21 0.28587068484 7.51636329731 8.14283367738
2018-04-15 06:50:21 0.28587054339 7.51538559415 8.14192466017
2018-04-15 06:50:21 0.285870449236 7.51473379211 8.14131864866
2018-04-15 06:50:21 0.285870308214 7.513756089 8.14040963144
2018-04-15 06:50:21 0.285870214337 7.51310428702 8.13980361995
2018-04-15 06:50:21 0.285870073742 7.51212658385 8.13889460272
2018-04-15 06:50:21 0.285869980155 7.51147478181 8.13828859118
2018-04-15 06:50:21 0.28586983998 7.51049707875 8.13737957391
2018-04-15 06:50:21 0.285869746675 7.50984527666 8.13677356242
2018-04-15 06:50:21 0.285869606928 7.50886757349 8.13586454515
2018-04-15 06:50:21 0.2858695139 7.5082157715 8.13525853365
2018-04-15 06:50:21 0.285869374581 7.50723806844 8.13434951643
2018-04-15 06:50:21 0.28586928184 7.5065862663 8.13374350489
2018-04-15 06:50:21 0.285869142941 7.50560856319 8.13283448762
2018-04-15 06:50:21 0.285869050484 7.5049567611 8.13222847612
2018-04-15 06:50:21 0.285868912008 7.50397905804 8.13131945885
2018-04-15 06:50:21 0.285868819833 7.50332725595 8.13071344741
2018-04-15 06:50:21 0.285868681784 7.50234955293 8.12980443009
2018-04-15 06:50:21 0.285868589892 7.50169775079 8.12919841863
2018-04-15 06:50:21 0.285868452267 7.50072004773 8.12828940141
2018-04-15 06:50:21 0.285868360661 7.50006824563 8.12768338987
2018-04-15 06:50:21 0.285868269166 7.49941644359 8.12707737837
2018-04-15 06:50:21 0.285868132136 7.49843874048 8.1261683611
2018-04-15 06:50:21 0.285868040926 7.49778693844 8.1255623496
2018-04-15 06:50:21 0.285867904314 7.49680923533 8.12465333238
2018-04-15 06:50:21 0.285867813387 7.49615743324 8.12404732084
2018-04-15 06:50:21 0.285867677208 7.49517973012 8.12313830362
2018-04-15 06:50:21 0.28586758656 7.49452792813 8.12253229207
2018-04-15 06:50:21 0.285867450805 7.49355022502 8.12162327495
2018-04-15 06:50:21 0.285867360443 7.49289842292 8.12101726335
2018-04-15 06:50:21 0.28586722511 7.49192071986 8.12010824613
2018-04-15 06:50:21 0.285867135032 7.49126891777 8.11950223464
2018-04-15 06:50:21 0.285867000124 7.4902912146 8.11859321732
2018-04-15 06:50:21 0.285866910331 7.48963941262 8.11798720587
2018-04-15 06:50:21 0.285866775847 7.48866170955 8.1170781886
2018-04-15 06:50:21 0.285866686336 7.48800990741 8.11647217709
2018-04-15 06:50:21 0.285866552278 7.4870322043 8.11556315988
2018-04-15 06:50:21 0.285866463045 7.4863804023 8.11495714833
2018-04-15 06:50:21 0.285866329411 7.48540269919 8.11404813111
2018-04-15 06:50:21 0.285866240466 7.48475089709 8.11344211961
2018-04-15 06:50:21 0.285866107259 7.48377319403 8.11253310234
2018-04-15 06:50:21 0.285866018595 7.48312139198 8.11192709085
2018-04-15 06:50:21 0.285865885811 7.48214368887 8.11101807363
2018-04-15 06:50:21 0.285865797429 7.48149188678 8.11041206208
2018-04-15 06:50:21 0.285865665068 7.48051418371 8.10950304481
2018-04-15 06:50:21 0.285865576974 7.47986238167 8.10889703326
2018-04-15 06:50:21 0.285865445036 7.4788846785 8.10798801604
2018-04-15 06:50:21 0.285865357223 7.47823287646 8.1073820046
2018-04-15 06:50:21 0.285865225715 7.47725517334 8.10647298728
2018-04-15 06:50:21 0.285865138186 7.4766033713 8.10586697583
2018-04-15 06:50:21 0.285865007105 7.47562566817 8.1049579585
2018-04-15 06:50:21 0.285864919853 7.47497386613 8.104351947
2018-04-15 06:50:21 0.285864789192 7.47399616303 8.10344292983
2018-04-15 06:50:21 0.285864702227 7.47334436087 8.10283691823
2018-04-15 06:50:21 0.285864571988 7.47236665782 8.10192790106
2018-04-15 06:50:21 0.285864485308 7.47171485577 8.10132188951
2018-04-15 06:50:21 0.285864398741 7.47106305368 8.10071587807
2018-04-15 06:50:21 0.285864269095 7.47008535061 8.0998068608
2018-04-15 06:50:21 0.285864182812 7.46943354851 8.0992008493
2018-04-15 06:50:21 0.285864053596 7.46845584539 8.09829183203
2018-04-15 06:50:21 0.285863967594 7.46780404339 8.09768582049
2018-04-15 06:50:21 0.2858638388 7.46682634028 8.09677680326
2018-04-15 06:50:21 0.285863753081 7.46617453818 8.09617079176
2018-04-15 06:50:21 0.285863624717 7.46519683512 8.09526177449
2018-04-15 06:50:21 0.285863539277 7.46454503303 8.09465576305
2018-04-15 06:50:21 0.285863411337 7.46356732986 8.09374674578
2018-04-15 06:50:21 0.285863326183 7.46291552781 8.09314073428
2018-04-15 06:50:21 0.285863198662 7.46193782475 8.09223171701
2018-04-15 06:50:21 0.285863113794 7.4612860227 8.09162570549
2018-04-15 06:50:21 0.285862986699 7.46030831953 8.09071668828
2018-04-15 06:50:21 0.28586290211 7.45965651749 8.09011067678
2018-04-15 06:50:21 0.285862775441 7.45867881437 8.08920165951
2018-04-15 06:50:21 0.28586269114 7.45802701238 8.08859564801
2018-04-15 06:50:21 0.285862564896 7.45704930926 8.08768663073
2018-04-15 06:50:21 0.285862480876 7.45639750717 8.08708061924
2018-04-15 06:50:21 0.285862355056 7.45541980405 8.08617160197
2018-04-15 06:50:21 0.285862271318 7.454768002 8.08556559043
2018-04-15 06:50:21 0.28586214592 7.45379029888 8.08465657315
2018-04-15 06:50:21 0.28586206247 7.45313849683 8.08405056165
2018-04-15 06:50:21 0.285861937502 7.45216079372 8.08314154448
2018-04-15 06:50:21 0.285861854327 7.45150899172 8.08253553298
2018-04-15 06:50:21 0.285861729782 7.45053128855 8.08162651567
2018-04-15 06:50:21 0.285861646897 7.44987948646 8.08102050422
2018-04-15 06:50:21 0.285861522777 7.44890178339 8.08011148694
2018-04-15 06:50:21 0.285861440172 7.44824998129 8.07950547538
2018-04-15 06:50:21 0.285861316477 7.44727227822 8.07859645816
2018-04-15 06:50:21 0.285861234153 7.44662047612 8.07799044661
2018-04-15 06:50:21 0.285861110878 7.44564277306 8.07708142944
2018-04-15 06:50:21 0.285861028843 7.44499097091 8.07647541795
2018-04-15 06:50:21 0.285860946919 7.44433916886 8.0758694064
2018-04-15 06:50:21 0.285860824237 7.44336146585 8.07496038917
2018-04-15 06:50:21 0.285860742595 7.44270966369 8.07435437763
2018-04-15 06:50:21 0.285860620346 7.44173196054 8.07344536046
2018-04-15 06:50:21 0.285860538984 7.44108015849 8.07283934891
2018-04-15 06:50:21 0.285860417157 7.44010245542 8.07193033164
2018-04-15 06:50:21 0.28586033608 7.43945065337 8.07132432014
2018-04-15 06:50:21 0.285860214682 7.43847295019 8.07041530282
2018-04-15 06:50:21 0.285860133885 7.4378211482 8.06980929137
2018-04-15 06:50:21 0.285860012909 7.43684344508 8.06890027415
2018-04-15 06:50:21 0.2858599324 7.43619164298 8.06829426265
2018-04-15 06:50:21 0.28585981184 7.43521393986 8.06738524537
2018-04-15 06:50:21 0.285859731618 7.43456213782 8.06677923387
2018-04-15 06:50:21 0.285859611489 7.43358443475 8.06587021664
2018-04-15 06:50:21 0.285859531544 7.4329326326 8.06526420509
2018-04-15 06:50:21 0.285859411837 7.43195492953 8.06435518782
2018-04-15 06:50:21 0.285859332177 7.43130312743 8.06374917628
2018-04-15 06:50:21 0.285859212901 7.43032542431 8.0628401591
2018-04-15 06:50:21 0.285859133522 7.42967362232 8.0622341476
2018-04-15 06:50:21 0.285859014666 7.42869591919 8.06132513028
2018-04-15 06:50:21 0.28585893557 7.42804411709 8.06071911878
2018-04-15 06:50:21 0.285858817141 7.42706641402 8.05981010151
2018-04-15 06:50:21 0.28585873833 7.42641461192 8.05920409006
2018-04-15 06:50:21 0.285858620326 7.4254369088 8.05829507273
2018-04-15 06:50:21 0.285858541794 7.42478510676 8.05768906129
2018-04-15 06:50:21 0.285858424216 7.42380740364 8.05678004402
2018-04-15 06:50:21 0.285858345973 7.42315560159 8.05617403262
2018-04-15 06:50:21 0.285858228819 7.42217789847 8.0552650153
2018-04-15 06:50:21 0.285858150852 7.42152609641 8.05465900375
2018-04-15 06:50:21 0.285858034118 7.42054839324 8.05374998651
2018-04-15 06:50:21 0.28585795644 7.41989659124 8.05314397496
2018-04-15 06:50:21 0.285857840131 7.41891888816 8.05223495774
2018-04-15 06:50:21 0.28585776274 7.41826708607 8.05162894625
2018-04-15 06:50:21 0.285857646855 7.4172893829 8.05071992897
2018-04-15 06:50:21 0.285857569741 7.4166375808 8.05011391752
2018-04-15 06:50:21 0.285857492744 7.4159857788 8.04950790592
2018-04-15 06:50:21 0.285857377458 7.41500807573 8.04859888875
2018-04-15 06:50:21 0.285857300739 7.41435627353 8.04799287725
2018-04-15 06:50:21 0.285857185875 7.41337857051 8.04708385998
2018-04-15 06:50:21 0.285857109442 7.41272676841 8.04647784849
2018-04-15 06:50:21 0.285856995006 7.41174906533 8.04556883121
2018-04-15 06:50:21 0.285856918853 7.41109726323 8.0449628197
2018-04-15 06:50:21 0.285856804842 7.41011956011 8.04405380249
2018-04-15 06:50:21 0.285856728973 7.40946775807 8.04344779094
2018-04-15 06:50:21 0.285856615383 7.4084900549 8.04253877377
2018-04-15 06:50:21 0.285856539801 7.40783825285 8.04193276225
2018-04-15 06:50:21 0.285856426637 7.40686054972 8.04102374493
2018-04-15 06:50:21 0.285856351336 7.40620874772 8.04041773343
2018-04-15 06:50:21 0.285856238594 7.40523104459 8.03950871615
2018-04-15 06:50:21 0.285856163579 7.4045792425 8.03890270471
2018-04-15 06:50:21 0.285856051266 7.40360153937 8.03799368744
2018-04-15 06:50:21 0.285855976529 7.40294973731 8.03738767584
2018-04-15 06:50:21 0.285855864638 7.4019720342 8.03647865861
2018-04-15 06:50:21 0.28585579019 7.40132023215 8.03587264711
2018-04-15 06:50:21 0.285855678719 7.40034252902 8.03496362989
2018-04-15 06:50:21 0.285855604551 7.39969072697 8.03435761839
2018-04-15 06:50:21 0.285855493515 7.39871302379 8.03344860107
2018-04-15 06:50:21 0.285855419623 7.39806122175 8.03284258962
2018-04-15 06:50:21 0.285855309009 7.39708351868 8.03193357239
2018-04-15 06:50:21 0.285855235409 7.39643171657 8.03132756084
2018-04-15 06:50:21 0.285855125219 7.39545401345 8.03041854362
2018-04-15 06:50:21 0.285855051896 7.3948022114 8.02981253207
2018-04-15 06:50:21 0.28585494213 7.39382450833 8.02890351483
2018-04-15 06:50:21 0.285854869093 7.39317270623 8.02829750333
2018-04-15 06:50:21 0.285854759751 7.3921950031 8.02738848611
2018-04-15 06:50:21 0.285854686999 7.3915432011 8.02678247456
2018-04-15 06:50:21 0.28585457808 7.39056549797 8.02587345729
2018-04-15 06:50:21 0.285854505608 7.38991369582 8.02526744583
2018-04-15 06:50:21 0.285854397118 7.38893599275 8.02435842856
2018-04-15 06:50:21 0.285854324931 7.38828419074 8.02375241706
2018-04-15 06:50:21 0.285854252859 7.38763238864 8.02314640556
2018-04-15 06:50:21 0.285854144958 7.38665468547 8.02223738829
2018-04-15 06:50:21 0.285854073168 7.38600288338 8.02163137684
2018-04-15 06:50:21 0.285853965697 7.38502518029 8.02072235952
2018-04-15 06:50:21 0.285853894184 7.38437337825 8.02011634802
2018-04-15 06:50:21 0.285853787138 7.38339567516 8.01920733074
2018-04-15 06:50:21 0.285853715907 7.38274387301 8.01860131924
2018-04-15 06:50:21 0.285853609288 7.38176616994 8.01769230207
2018-04-15 06:50:21 0.285853538349 7.38111436784 8.01708629056
2018-04-15 06:50:21 0.285853432149 7.38013666476 8.01617727323
2018-04-15 06:50:21 0.285853361486 7.37948486266 8.01557126173
2018-04-15 06:50:21 0.285853255712 7.37850715963 8.0146622445
2018-04-15 06:50:21 0.285853185338 7.37785535748 8.01405623291
2018-04-15 06:50:21 0.285853079992 7.37687765435 8.01314721568
2018-04-15 06:50:21 0.285853009896 7.37622585225 8.01254120414
2018-04-15 06:50:21 0.285852904973 7.37524814917 8.01163218691
2018-04-15 06:50:21 0.28585283516 7.37459634712 8.01102617546
2018-04-15 06:50:21 0.285852730658 7.37361864399 8.01011715813
2018-04-15 06:50:21 0.285852661135 7.37296684189 8.00951114668
2018-04-15 06:50:21 0.285852557057 7.37198913881 8.00860212936
2018-04-15 06:50:21 0.285852487811 7.37133733666 8.00799611796
2018-04-15 06:50:21 0.285852384166 7.37035963358 8.00708710064
2018-04-15 06:50:21 0.285852315205 7.36970783158 8.00648108908
2018-04-15 06:50:21 0.285852211981 7.3687301284 8.00557207191
2018-04-15 06:50:21 0.285852143301 7.3680783263 8.00496606036
2018-04-15 06:50:21 0.285852040498 7.36710062322 8.00405704317
2018-04-15 06:50:21 0.285851972104 7.36644882117 8.00345103163
2018-04-15 06:50:21 0.285851869725 7.36547111798 8.0025420143
2018-04-15 06:50:21 0.28585180162 7.36481931593 8.00193600284
2018-04-15 06:50:21 0.285851699663 7.36384161285 8.00102698557
2018-04-15 06:50:21 0.285851631835 7.3631898108 8.00042097412
2018-04-15 06:50:21 0.285851530309 7.36221210762 7.99951195684
2018-04-15 06:50:21 0.285851462765 7.36156030558 7.99890594534
2018-04-15 06:50:21 0.28585136166 7.36058260244 7.99799692807
2018-04-15 06:50:21 0.285851294397 7.35993080045 7.99739091662
2018-04-15 06:50:21 0.285851227253 7.35927899829 7.99678490507
2018-04-15 06:50:21 0.285851126744 7.35830129521 7.99587588779
2018-04-15 06:50:21 0.285851059879 7.3576494931 7.99526987629
2018-04-15 06:50:21 0.285850959797 7.35667179008 7.99436085906
2018-04-15 06:50:21 0.285850893212 7.35601998797 7.99375484756
2018-04-15 06:50:21 0.285850793554 7.35504228484 7.99284583029
2018-04-15 06:50:21 0.285850727257 7.35439048274 7.99223981879
2018-04-15 06:50:21 0.285850628022 7.35341277961 7.99133080146
2018-04-15 06:50:21 0.285850562003 7.35276097751 7.99072479005
2018-04-15 06:50:21 0.285850463192 7.35178327443 7.98981577272
2018-04-15 06:50:21 0.285850397463 7.35113147232 7.98920976117
2018-04-15 06:50:21 0.285850299076 7.35015376924 7.98830074395
2018-04-15 06:50:21 0.285850233626 7.34950196713 7.9876947324
2018-04-15 06:50:21 0.285850135665 7.3485242641 7.98678571518
2018-04-15 06:50:21 0.285850070498 7.34787246195 7.98617970367
2018-04-15 06:50:21 0.285849972961 7.34689475882 7.98527068639
2018-04-15 06:50:21 0.285849908083 7.34624295677 7.98466467494
2018-04-15 06:50:21 0.285849810965 7.34526525369 7.98375565767
2018-04-15 06:50:21 0.285849746368 7.34461345159 7.98314964622
2018-04-15 06:50:21 0.28584964968 7.3436357484 7.98224062889
2018-04-15 06:50:21 0.285849585369 7.34298394635 7.98163461734
2018-04-15 06:50:21 0.285849489102 7.34200624326 7.98072560011
2018-04-15 06:50:21 0.285849425066 7.34135444121 7.98011958861
2018-04-15 06:50:21 0.28584932923 7.34037673803 7.97921057138
2018-04-15 06:50:21 0.285849265479 7.33972493598 7.97860455988
2018-04-15 06:50:21 0.285849170065 7.33874723284 7.97769554255
2018-04-15 06:50:21 0.285849106601 7.33809543074 7.97708953115
2018-04-15 06:50:21 0.285849011611 7.33711772766 7.97618051382
2018-04-15 06:50:21 0.285848948425 7.33646592561 7.97557450232
2018-04-15 06:50:21 0.285848853862 7.33548822247 7.97466548504
2018-04-15 06:50:21 0.285848790964 7.33483642037 7.97405947355
2018-04-15 06:50:21 0.285848696824 7.33385871729 7.97315045637
2018-04-15 06:50:21 0.285848634207 7.33320691518 7.97254444482
2018-04-15 06:50:21 0.285848571703 7.33255511318 7.97193843331
2018-04-15 06:50:21 0.285848478155 7.33157741004 7.97102941604
2018-04-15 06:50:21 0.285848415934 7.33092560794 7.97042340454
2018-04-15 06:50:21 0.285848322815 7.32994790481 7.96951438731
2018-04-15 06:50:21 0.285848260875 7.32929610281 7.9689083758
2018-04-15 06:50:21 0.285848168181 7.32831839962 7.96799935848
2018-04-15 06:50:21 0.285848106528 7.32766659756 7.96739334698
2018-04-15 06:50:21 0.285848014256 7.32668889448 7.96648432974
2018-04-15 06:50:21 0.28584795288 7.32603709237 7.96587831814
2018-04-15 06:50:21 0.285847861037 7.32505938919 7.96496930096
2018-04-15 06:50:21 0.285847799947 7.32440758713 7.96436328941
2018-04-15 06:50:21 0.285847708527 7.32342988405 7.96345427213
2018-04-15 06:50:21 0.285847647724 7.32277808194 7.96284826068
2018-04-15 06:50:21 0.285847556724 7.32180037882 7.96193924341
2018-04-15 06:50:21 0.285847496203 7.32114857671 7.96133323191
2018-04-15 06:50:21 0.28584740563 7.32017087368 7.96042421462
2018-04-15 06:50:21 0.285847345391 7.31951907147 7.95981820317
2018-04-15 06:50:21 0.285847255243 7.31854136838 7.95890918589
2018-04-15 06:50:21 0.285847195285 7.31788956637 7.9583031744
2018-04-15 06:50:21 0.285847105564 7.31691186329 7.95739415712
2018-04-15 06:50:21 0.28584704589 7.31626006108 7.95678814556
2018-04-15 06:50:21 0.28584695659 7.31528235805 7.95587912839
2018-04-15 06:50:21 0.285846897197 7.31463055594 7.95527311683
2018-04-15 06:50:21 0.285846808326 7.31365285281 7.95436409955
2018-04-15 06:50:21 0.285846749219 7.3130010507 7.95375808805
2018-04-15 06:50:21 0.285846660769 7.31202334762 7.95284907082
2018-04-15 06:50:21 0.285846601947 7.31137154552 7.95224305937
2018-04-15 06:50:21 0.285846513925 7.31039384238 7.95133404204
2018-04-15 06:50:21 0.28584645538 7.30974204032 7.95072803054
2018-04-15 06:50:21 0.285846367784 7.30876433718 7.94981901326
2018-04-15 06:50:21 0.285846309527 7.30811253513 7.94921300181
2018-04-15 06:50:21 0.285846222348 7.307134832 7.94830398459
2018-04-15 06:50:21 0.285846164372 7.30648302993 7.94769797298
2018-04-15 06:50:21 0.285846077625 7.30550532681 7.94678895575
2018-04-15 06:50:21 0.285846019931 7.3048535247 7.9461829443
2018-04-15 06:50:21 0.285845962353 7.30420172269 7.9455769328
2018-04-15 06:50:21 0.285845876197 7.30322401956 7.94466791552
2018-04-15 06:50:21 0.285845818901 7.30257221745 7.94406190402
2018-04-15 06:50:21 0.285845733171 7.30159451436 7.94315288669
2018-04-15 06:50:21 0.285845676161 7.30094271225 7.94254687519
2018-04-15 06:50:21 0.285845590851 7.29996500911 7.94163785789
2018-04-15 06:50:21 0.285845534125 7.2993132071 7.94103184635
2018-04-15 06:50:21 0.285845449243 7.29833550397 7.94012282916
2018-04-15 06:50:21 0.285845392799 7.29768370182 7.93951681761
2018-04-15 06:50:21 0.28584530834 7.29670599878 7.93860780038
2018-04-15 06:50:21 0.285845252173 7.29605419667 7.93800178888
2018-04-15 06:50:21 0.285845168144 7.29507649348 7.93709277156
2018-04-15 06:50:21 0.285845112263 7.29442469143 7.93648676011
2018-04-15 06:50:21 0.285845028657 7.29344698834 7.93557774282
2018-04-15 06:50:21 0.285844973062 7.29279518628 7.93497173137
2018-04-15 06:50:21 0.285844889875 7.2918174831 7.93406271409
2018-04-15 06:50:21 0.28584483456 7.29116568103 7.93345670254
2018-04-15 06:50:21 0.285844751802 7.2901879779 7.93254768531
2018-04-15 06:50:21 0.285844696773 7.28953617585 7.93194167381
2018-04-15 06:50:21 0.285844614437 7.28855847276 7.93103265658
2018-04-15 06:50:21 0.285844559692 7.2879066706 7.93042664503
2018-04-15 06:50:21 0.285844477784 7.28692896751 7.92951762769
2018-04-15 06:50:21 0.28584442332 7.2862771654 7.92891161628
2018-04-15 06:50:21 0.285844341836 7.28529946232 7.92800259901
2018-04-15 06:50:21 0.285844287658 7.28464766021 7.92739658751
2018-04-15 06:50:21 0.285844206597 7.28366995712 7.92648757023
2018-04-15 06:50:21 0.285844152698 7.28301815506 7.92588155873
2018-04-15 06:50:21 0.285844072063 7.28204045192 7.92497254149
2018-04-15 06:50:21 0.285844018448 7.28138864977 7.92436652994
2018-04-15 06:50:21 0.285843938233 7.28041094663 7.92345751271
2018-04-15 06:50:21 0.285843884904 7.27975914457 7.92285150116
2018-04-15 06:50:21 0.285843805118 7.27878144148 7.92194248398
2018-04-15 06:50:21 0.285843752071 7.27812963937 7.92133647247
2018-04-15 06:50:21 0.285843672705 7.27715193628 7.92042745515
2018-04-15 06:50:21 0.285843619942 7.27650013412 7.91982144365
2018-04-15 06:50:21 0.285843567291 7.27584833211 7.9192154322
2018-04-15 06:50:21 0.285843488528 7.27487062902 7.91830641487
2018-04-15 06:50:21 0.285843436157 7.27421882691 7.91770040336
2018-04-15 06:50:21 0.285843357815 7.27324112373 7.91679138607
2018-04-15 06:50:21 0.285843305726 7.27258932167 7.91618537452
2018-04-15 06:50:21 0.28584322781 7.27161161858 7.91527635734
2018-04-15 06:50:21 0.285843176008 7.27095981652 7.91467034579
2018-04-15 06:50:21 0.285843098514 7.26998211332 7.91376132856
2018-04-15 06:50:21 0.285843046993 7.26933031131 7.91315531706
2018-04-15 06:50:21 0.285842969926 7.26835260817 7.91224629973
2018-04-15 06:50:21 0.285842918687 7.26770080607 7.91164028832
2018-04-15 06:50:21 0.285842842045 7.26672310292 7.910731271
2018-04-15 06:50:21 0.285842791095 7.26607130086 7.91012525949
2018-04-15 06:50:21 0.285842714871 7.26509359778 7.90921624226
2018-04-15 06:50:21 0.285842664203 7.26444179566 7.90861023065
2018-04-15 06:50:21 0.285842588411 7.26346409253 7.90770121353
2018-04-15 06:50:21 0.285842538024 7.26281229047 7.90709520197
2018-04-15 06:50:21 0.285842462651 7.26183458733 7.90618618475
2018-04-15 06:50:21 0.285842412547 7.26118278527 7.90558017319
2018-04-15 06:50:21 0.285842337606 7.26020508212 7.90467115589
2018-04-15 06:50:21 0.285842287783 7.25955328002 7.90406514444
2018-04-15 06:50:21 0.285842213264 7.25857557692 7.90315612712
2018-04-15 06:50:21 0.285842163724 7.25792377487 7.90255011562
2018-04-15 06:50:21 0.285842089628 7.25694607173 7.90164109839
2018-04-15 06:50:21 0.285842040373 7.25629426957 7.90103508693
2018-04-15 06:50:21 0.285841966704 7.25531656653 7.90012606965
2018-04-15 06:50:21 0.285841917732 7.25466476436 7.89952005809
2018-04-15 06:50:21 0.285841844483 7.25368706127 7.89861104082
2018-04-15 06:50:21 0.285841795797 7.25303525921 7.89800502937
2018-04-15 06:50:21 0.285841722979 7.25205755607 7.89709601209
2018-04-15 06:50:21 0.285841674571 7.25140575396 7.89649000058
2018-04-15 06:50:21 0.285841602173 7.25042805091 7.8955809833
2018-04-15 06:50:21 0.285841554051 7.24977624876 7.89497497179
2018-04-15 06:50:21 0.28584148208 7.24879854557 7.89406595457
2018-04-15 06:50:21 0.285841434241 7.24814674351 7.89345994301
2018-04-15 06:50:21 0.285841386516 7.24749494149 7.89285393147
2018-04-15 06:50:21 0.285841315135 7.24651723835 7.89194491422
2018-04-15 06:50:21 0.285841267693 7.24586543624 7.89133890266
2018-04-15 06:50:21 0.285841196743 7.24488773309 7.89042988543
2018-04-15 06:50:21 0.285841149583 7.24423593108 7.88982387393
2018-04-15 06:50:21 0.285841079054 7.24325822794 7.88891485665
2018-04-15 06:50:21 0.285841032174 7.24260642583 7.8883088452
2018-04-15 06:50:21 0.285840962071 7.24162872269 7.88739982792
2018-04-15 06:50:21 0.285840915478 7.24097692064 7.88679381646
2018-04-15 06:50:21 0.285840845803 7.23999921749 7.88588479913
2018-04-15 06:50:21 0.285840799489 7.23934741542 7.88527878758
2018-04-15 06:50:21 0.285840730239 7.23836971228 7.88436977035
2018-04-15 06:50:21 0.285840684208 7.23771791022 7.88376375884
2018-04-15 06:50:21 0.285840615379 7.23674020708 7.88285474167
2018-04-15 06:50:21 0.285840569638 7.23608840496 7.88224873006
2018-04-15 06:50:21 0.285840501225 7.23511070181 7.88133971283
2018-04-15 06:50:21 0.285840455766 7.2344588998 7.88073370138
2018-04-15 06:50:21 0.285840387788 7.23348119667 7.87982468403
2018-04-15 06:50:21 0.285840342608 7.23282939455 7.87921867257
2018-04-15 06:50:21 0.285840275053 7.23185169141 7.87830965524
2018-04-15 06:50:21 0.285840230155 7.23119988934 7.87770364374
2018-04-15 06:50:21 0.285840163029 7.23022218616 7.87679462656
2018-04-15 06:50:21 0.285840118416 7.22957038414 7.87618861501
2018-04-15 06:50:21 0.285840051708 7.22859268105 7.87527959777
2018-04-15 06:50:21 0.285840007379 7.22794087893 7.87467358622
2018-04-15 06:50:21 0.285839941095 7.22696317574 7.87376456899
2018-04-15 06:50:21 0.285839897052 7.22631137373 7.87315855749
2018-04-15 06:50:21 0.285839831196 7.22533367059 7.87224954021
2018-04-15 06:50:21 0.285839787434 7.22468186847 7.87164352866
2018-04-15 06:50:21 0.285839722 7.22370416532 7.87073451137
2018-04-15 06:50:21 0.28583967852 7.22305236327 7.87012849991
2018-04-15 06:50:21 0.285839613513 7.22207466017 7.86921948268
2018-04-15 06:50:21 0.285839570317 7.22142285801 7.86861347113
2018-04-15 06:50:21 0.285839527234 7.22077105593 7.86800745958
2018-04-15 06:50:21 0.28583946282 7.21979335284 7.86709844238
2018-04-15 06:50:21 0.285839420018 7.21914155073 7.86649243083
2018-04-15 06:50:21 0.285839356035 7.21816384758 7.86558341354
2018-04-15 06:50:21 0.285839313511 7.21751204547 7.86497740204
2018-04-15 06:50:21 0.285839249948 7.21653434232 7.86406838471
2018-04-15 06:50:21 0.285839207719 7.21588254032 7.86346237331
2018-04-15 06:50:21 0.285839144579 7.21490483717 7.86255335602
2018-04-15 06:50:21 0.285839102627 7.21425303506 7.86194734452
2018-04-15 06:50:21 0.285839039914 7.21327533191 7.86103832724
2018-04-15 06:50:21 0.285838998246 7.21262352989 7.86043231573
2018-04-15 06:50:21 0.285838935957 7.2116458267 7.8595232985
2018-04-15 06:50:21 0.285838894569 7.21099402463 7.85891728695
2018-04-15 06:50:21 0.285838832706 7.21001632154 7.85800826972
2018-04-15 06:50:21 0.285838791603 7.20936451948 7.85740225816
2018-04-15 06:50:21 0.285838730161 7.20838681629 7.85649324093
2018-04-15 06:50:21 0.285838689346 7.20773501418 7.85588722947
2018-04-15 06:50:21 0.28583862833 7.20675731107 7.85497821214
2018-04-15 06:50:21 0.285838587795 7.20610550906 7.85437220063
2018-04-15 06:50:21 0.285838527202 7.20512780586 7.85346318334
2018-04-15 06:50:21 0.285838486953 7.2044760038 7.85285717189
2018-04-15 06:50:21 0.285838426792 7.20349830065 7.85194815461
2018-04-15 06:50:21 0.285838386821 7.20284649854 7.8513421431
2018-04-15 06:50:21 0.285838327079 7.20186879539 7.85043312582
2018-04-15 06:50:21 0.285838287388 7.20121699338 7.84982711436
2018-04-15 06:50:21 0.285838228073 7.20023929023 7.84891809708
2018-04-15 06:50:21 0.285838188671 7.19958748807 7.84831208558
2018-04-15 06:50:21 0.285838129777 7.19860978497 7.84740306825
2018-04-15 06:50:21 0.285838090659 7.1979579829 7.84679705669
2018-04-15 06:50:21 0.285838032188 7.19698027975 7.84588803946
2018-04-15 06:50:21 0.285837993352 7.19632847769 7.845282028
2018-04-15 06:50:21 0.285837935313 7.19535077455 7.84437301072
2018-04-15 06:50:21 0.285837896755 7.19469897248 7.84376699922
2018-04-15 06:50:21 0.285837839136 7.19372126939 7.84285798193
2018-04-15 06:50:21 0.285837800864 7.19306946717 7.84225197047
2018-04-15 06:50:21 0.285837762711 7.19241766516 7.84164595891
2018-04-15 06:50:21 0.285837705689 7.19143996201 7.84073694163
2018-04-15 06:50:21 0.285837667812 7.19078815994 7.84013093012
2018-04-15 06:50:21 0.285837611212 7.18981045674 7.83922191284
2018-04-15 06:50:21 0.285837573623 7.18915865463 7.83861590138
2018-04-15 06:50:21 0.28583751745 7.18818095153 7.83770688411
2018-04-15 06:50:21 0.285837480141 7.18752914951 7.83710087255
2018-04-15 06:50:21 0.285837424393 7.18655144631 7.83619185531
2018-04-15 06:50:21 0.285837387363 7.18589964421 7.83558584381
2018-04-15 06:50:21 0.285837332037 7.18492194111 7.83467682657
2018-04-15 06:50:21 0.285837295296 7.18427013904 7.83407081502
2018-04-15 06:50:21 0.285837240399 7.18329243584 7.83316179774
2018-04-15 06:50:21 0.285837203939 7.18264063383 7.83255578628
2018-04-15 06:50:21 0.285837149462 7.18166293068 7.831646769
2018-04-15 06:50:21 0.285837113288 7.18101112856 7.83104075749
2018-04-15 06:50:21 0.28583705924 7.18003342546 7.83013174021
2018-04-15 06:50:21 0.285837023346 7.17938162334 7.8295257287
2018-04-15 06:50:21 0.285836969718 7.1784039202 7.82861671147
2018-04-15 06:50:21 0.285836934108 7.17775211814 7.82801069996
2018-04-15 06:50:21 0.285836880908 7.17677441504 7.82710168267
2018-04-15 06:50:21 0.28583684558 7.17612261292 7.82649567111
2018-04-15 06:50:21 0.285836792805 7.17514490977 7.82558665394
2018-04-15 06:50:21 0.285836757758 7.17449310765 7.82498064238
2018-04-15 06:50:21 0.285836705404 7.17351540456 7.82407162515
2018-04-15 06:50:21 0.285836670651 7.17286360249 7.82346561359
2018-04-15 06:50:21 0.285836618724 7.17188589938 7.8225565963
2018-04-15 06:50:21 0.285836584244 7.17123409721 7.82195058485
2018-04-15 06:50:21 0.285836532739 7.17025639406 7.82104156752
2018-04-15 06:50:21 0.285836498548 7.169604592 7.82043555601
2018-04-15 06:50:21 0.285836447468 7.16862688885 7.81952653872
2018-04-15 06:50:21 0.285836413562 7.16797508679 7.81892052727
2018-04-15 06:50:21 0.285836362906 7.16699738363 7.81801150999
2018-04-15 06:50:21 0.285836329275 7.16634558162 7.81740549852
2018-04-15 06:50:21 0.285836279049 7.16536787841 7.81649648119
2018-04-15 06:50:21 0.285836245705 7.16471607629 7.81589046963
2018-04-15 06:50:21 0.285836212473 7.16406427428 7.81528445823
2018-04-15 06:50:21 0.285836162837 7.16308657118 7.81437544089
2018-04-15 06:50:21 0.285836129893 7.16243476896 7.81376942943
2018-04-15 06:50:21 0.285836080683 7.16145706586 7.8128604121
2018-04-15 06:50:21 0.285836048016 7.16080526375 7.8122544006
2018-04-15 06:50:21 0.28583599923 7.15982756065 7.81134538341
2018-04-15 06:50:21 0.285835966846 7.15917575853 7.81073937185
2018-04-15 06:50:21 0.285835918484 7.15819805543 7.80983035462
2018-04-15 06:50:21 0.285835886386 7.15754625331 7.80922434306
2018-04-15 06:50:21 0.285835838454 7.15656855016 7.80831532583
2018-04-15 06:50:21 0.285835806636 7.15591674804 7.80770931433
2018-04-15 06:50:21 0.285835759124 7.15493904493 7.80680029699
2018-04-15 06:50:21 0.285835727594 7.15428724287 7.80619428548
2018-04-15 06:50:21 0.285835680509 7.15330953967 7.80528526825
2018-04-15 06:50:21 0.285835649259 7.15265773766 7.80467925678
2018-04-15 06:50:21 0.285835602593 7.15168003451 7.8037702395
2018-04-15 06:50:21 0.28583557163 7.15102823239 7.803164228
2018-04-15 06:50:21 0.28583552539 7.15005052923 7.80225521066
2018-04-15 06:50:21 0.28583549471 7.14939872722 7.8016491992
2018-04-15 06:50:21 0.285835448892 7.14842102406 7.80074018192
2018-04-15 06:50:21 0.285835418492 7.14776922199 7.80013417041
2018-04-15 06:50:21 0.285835373105 7.1467915188 7.79922515318
2018-04-15 06:50:21 0.285835342991 7.14613971672 7.79861914157
2018-04-15 06:50:21 0.285835298031 7.14516201358 7.79771012434
2018-04-15 06:50:21 0.285835268194 7.14451021156 7.79710411283
2018-04-15 06:50:21 0.285835223653 7.14353250835 7.79619509554
2018-04-15 06:50:21 0.285835194103 7.14288070623 7.79558908404
2018-04-15 06:50:21 0.285835149989 7.14190300318 7.79468006676
2018-04-15 06:50:21 0.285835120724 7.14125120106 7.7940740553
2018-04-15 06:50:21 0.285835077032 7.14027349786 7.79316503801
2018-04-15 06:50:21 0.285835048047 7.13962169584 7.79255902646
2018-04-15 06:50:21 0.285835004782 7.13864399268 7.79165000921
